1,1,1006,39,7,0
1,1,1006,40,7,0
1,1,1008,39,7,0
1,1,101,427,-1,1
1,1,1011,449,-1,1
1,1,102,1448,-1,1
1,1,1027,168,-1,1
1,1,1036,1879,-1,1
1,1,1046,562,7,0
1,1,1046,594,-1,1
1,1,105,1148,-1,1
1,1,1055,874,-1,1
1,1,1099,1837,-1,1
1,1,1100,41,-1,1
1,1,1141,351,-1,1
1,1,1146,99,-1,1
1,1,1147,367,7,0
1,1,1151,797,-1,1
1,1,1158,423,-1,1
1,1,116,1445,7,0
1,1,1179,1725,-1,1
1,1,1188,324,7,0
1,1,119,1199,-1,1
1,1,1192,641,7,1
1,1,1198,373,7,0
1,1,1198,600,-1,1
1,1,1208,1996,7,1
1,1,122,843,7,0
1,1,1252,348,-1,1
1,1,130,136,7,0
1,1,131,1389,7,0
1,1,1331,748,-1,1
1,1,1335,1788,7,0
1,1,1399,482,6,0
1,1,140,192,-1,1
1,1,141,1268,7,0
1,1,143,772,7,0
1,1,1435,1789,-1,1
1,1,1442,1314,7,0
1,1,1485,1830,-1,1
1,1,152,1167,-1,1
1,1,1522,902,7,0
1,1,158,996,7,0
1,1,1723,1455,7,0
1,1,174,1445,-1,1
1,1,176,346,7,0
1,1,178,710,7,0
1,1,178,729,7,0
1,1,179,952,7,1
1,1,180,1788,7,0
1,1,183,938,7,1
1,1,183,940,0,0
1,1,184,1150,7,0
1,1,184,1216,7,0
1,1,184,234,7,0
1,1,185,1350,7,0
1,1,1870,1227,-1,1
1,1,192,1120,7,0
1,1,1954,1525,7,0
1,1,196,1238,7,0
1,1,197,1240,7,0
1,1,202,1181,7,0
1,1,202,1517,7,0
1,1,2039,1919,-1,1
1,1,2040,1855,-1,1
1,1,2047,1944,-1,1
1,1,209,860,-1,1
1,1,217,885,-1,1
1,1,217,888,-1,1
1,1,220,830,7,0
1,1,222,385,7,0
1,1,223,383,7,0
1,1,225,812,-1,1
1,1,230,706,-1,1
1,1,231,1065,-1,1
1,1,250,517,-1,1
1,1,250,561,-1,1
1,1,263,1615,7,0
1,1,264,1325,7,0
1,1,265,1036,7,0
1,1,266,1035,7,0
1,1,268,394,7,0
1,1,269,822,7,0
1,1,271,925,7,0
1,1,272,550,7,0
1,1,274,744,7,0
1,1,280,1756,-1,1
1,1,281,1756,7,0
1,1,284,1260,-1,1
1,1,291,857,7,0
1,1,298,747,-1,1
1,1,304,445,7,1
1,1,315,807,7,0
1,1,317,288,-1,1
1,1,317,505,7,0
1,1,318,606,7,0
1,1,319,608,7,0
1,1,322,712,7,0
1,1,326,728,7,0
1,1,327,1078,7,0
1,1,330,414,7,0
1,1,331,1554,-1,1
1,1,336,1096,-1,1
1,1,336,1661,-1,1
1,1,344,747,7,0
1,1,348,151,-1,1
1,1,349,1571,2,0
1,1,351,1508,-1,1
1,1,358,354,7,0
1,1,361,285,-1,1
1,1,361,525,7,0
1,1,363,771,7,0
1,1,368,412,1,0
1,1,370,794,-1,1
1,1,373,396,7,0
1,1,374,1268,-1,1
1,1,387,1046,7,0
1,1,392,923,7,0
1,1,396,760,7,0
1,1,409,990,-1,1
1,1,410,536,7,0
1,1,418,881,7,0
1,1,420,675,7,0
1,1,421,1406,7,0
1,1,425,1028,-1,1
1,1,427,1124,7,0
1,1,429,773,7,0
1,1,431,606,7,1
1,1,438,575,7,0
1,1,443,899,7,0
1,1,452,530,7,0
1,1,456,1819,7,0
1,1,465,629,-1,1
1,1,472,1085,7,0
1,1,480,370,7,0
1,1,482,848,7,0
1,1,485,897,-1,1
1,1,490,1253,7,0
1,1,491,1805,7,0
1,1,492,651,7,0
1,1,497,1233,-1,1
1,1,501,784,7,0
1,1,501,876,7,0
1,1,502,1110,-1,1
1,1,502,1148,7,0
1,1,508,1670,7,0
1,1,525,1191,7,0
1,1,529,1125,7,0
1,1,538,1337,-1,1
1,1,539,1759,7,0
1,1,540,356,7,0
1,1,546,808,7,0
1,1,570,1689,7,0
1,1,577,1290,7,0
1,1,580,1937,7,0
1,1,594,801,-1,1
1,1,594,953,7,0
1,1,595,66,7,0
1,1,598,335,-1,1
1,1,603,1769,7,0
1,1,603,734,7,0
1,1,605,299,7,0
1,1,605,917,-1,1
1,1,606,1146,7,0
1,1,608,523,7,0
1,1,610,1960,-1,1
1,1,614,923,7,0
1,1,615,263,7,0
1,1,615,265,-1,1
1,1,616,613,7,0
1,1,618,670,-1,1
1,1,633,1060,7,0
1,1,633,343,-1,1
1,1,646,679,7,0
1,1,652,1601,-1,1
1,1,653,717,7,0
1,1,664,1908,7,0
1,1,670,102,7,0
1,1,679,483,-1,1
1,1,688,142,-1,1
1,1,688,662,-1,1
1,1,697,56,-1,1
1,1,703,1650,7,0
1,1,717,845,7,0
1,1,722,594,7,0
1,1,725,409,7,0
1,1,726,388,7,0
1,1,731,831,7,0
1,1,733,570,7,0
1,1,740,916,7,0
1,1,747,1574,7,0
1,1,754,826,7,0
1,1,793,297,7,0
1,1,810,580,-1,1
1,1,858,1877,7,0
1,1,862,805,7,0
1,1,866,244,7,0
1,1,87,304,-1,1
1,1,874,179,-1,1
1,1,889,430,7,0
1,1,89,1345,7,0
1,1,89,702,7,0
1,1,89,704,-1,1
1,1,919,765,7,0
1,1,92,753,7,0
1,1,95,1137,7,0
1,1,962,927,-1,1
1,1,963,546,7,0
1,1,988,95,7,0
1,1,991,835,-1,1
1,1,994,736,7,0
1,2,1154,512,7,0
1,2,1282,690,7,0
1,2,1328,1333,-1,1
1,2,1336,1918,7,0
1,2,1442,215,-1,1
1,2,1470,410,7,0
1,2,1577,853,7,0
1,2,1686,1687,-1,1
1,2,1725,1519,7,0
1,2,1759,1305,-1,1
1,2,1846,1221,7,0
1,2,1883,1620,-1,1
1,2,1885,1251,7,0
1,2,1904,1591,-1,1
1,2,1930,1292,7,0
1,2,1979,1845,-1,1
1,2,1981,1346,-1,1
1,2,1982,1746,7,0
1,2,2006,823,7,0
1,2,2019,1807,-1,1
1,2,2055,1905,-1,1
1,2,2057,1684,7,0
1,2,241,1388,-1,1
1,2,449,1525,7,0
1,2,489,1852,-1,1
1,2,545,1956,-1,1
1,2,660,1829,7,0
1,2,662,1625,-1,1
1,2,665,1985,7,1
1,2,688,1882,-1,1
1,2,691,485,7,0
1,2,795,492,7,0
1,2,843,534,-1,1
1,2,846,1760,-1,1
1,2,854,1756,-1,1
1,2,885,1158,7,0
1,2,914,1795,-1,1
1,2,947,1430,7,0
1,3,1005,1019,-1,1
1,3,1012,49,7,0
1,3,1063,847,-1,1
1,3,111,491,7,1
1,3,1115,1362,7,0
1,3,1126,677,7,0
1,3,113,1619,-1,1
1,3,113,812,-1,1
1,3,1145,173,7,0
1,3,115,1378,7,0
1,3,1173,100,7,0
1,3,1176,765,7,0
1,3,1179,982,7,0
1,3,1197,529,-1,1
1,3,1215,838,-1,1
1,3,122,1569,7,0
1,3,1221,113,7,0
1,3,1227,448,7,0
1,3,123,1615,7,0
1,3,123,978,-1,1
1,3,124,1062,-1,1
1,3,124,275,7,0
1,3,1252,1175,-1,1
1,3,1302,1245,-1,1
1,3,131,995,7,0
1,3,136,894,7,0
1,3,1385,669,7,0
1,3,140,665,7,0
1,3,1412,656,-1,1
1,3,1433,1216,7,0
1,3,1439,80,7,0
1,3,144,1234,7,0
1,3,149,791,-1,1
1,3,151,253,7,0
1,3,151,786,-1,1
1,3,1518,1386,-1,1
1,3,1534,824,7,0
1,3,155,822,-1,1
1,3,1586,713,7,0
1,3,160,1305,7,0
1,3,1637,272,7,0
1,3,1639,682,7,0
1,3,164,928,7,0
1,3,1733,1074,7,0
1,3,1761,354,-1,1
1,3,1786,1036,-1,1
1,3,1791,1321,-1,1
1,3,1796,159,7,0
1,3,1800,1149,-1,1
1,3,181,582,-1,1
1,3,182,580,7,0
1,3,1826,138,7,0
1,3,185,463,7,0
1,3,185,729,-1,1
1,3,1859,1635,-1,1
1,3,1885,1552,7,0
1,3,192,203,7,0
1,3,194,1336,7,0
1,3,194,851,-1,1
1,3,1944,1002,7,0
1,3,195,111,7,0
1,3,195,1332,-1,1
1,3,195,768,7,0
1,3,1952,1366,7,0
1,3,196,423,-1,1
1,3,1973,1401,7,0
1,3,1978,1259,7,0
1,3,199,806,-1,1
1,3,200,575,-1,1
1,3,201,1027,7,0
1,3,202,76,7,1
1,3,2021,1206,7,0
1,3,203,765,-1,1
1,3,2035,1135,-1,1
1,3,2037,1411,-1,1
1,3,205,931,0,0
1,3,2068,374,7,0
1,3,208,379,7,0
1,3,208,494,7,0
1,3,211,922,7,0
1,3,219,431,7,0
1,3,223,1306,-1,1
1,3,224,1265,7,0
1,3,238,1201,7,0
1,3,252,617,7,0
1,3,252,737,7,0
1,3,253,1630,7,0
1,3,261,1743,7,0
1,3,265,636,7,0
1,3,266,497,-1,1
1,3,272,1657,-1,1
1,3,274,1321,7,0
1,3,278,953,7,1
1,3,279,744,7,0
1,3,280,553,7,0
1,3,286,1888,7,0
1,3,286,391,-1,1
1,3,288,1658,-1,1
1,3,289,1092,7,0
1,3,289,248,7,0
1,3,289,44,7,0
1,3,290,1358,7,0
1,3,290,587,-1,1
1,3,296,692,7,0
1,3,299,705,-1,1
1,3,301,386,7,1
1,3,301,565,7,0
1,3,301,924,-1,1
1,3,303,247,7,0
1,3,305,1213,7,0
1,3,305,582,-1,1
1,3,310,1073,-1,1
1,3,310,1529,7,0
1,3,310,490,-1,1
1,3,316,924,7,0
1,3,322,1363,-1,1
1,3,325,1184,-1,1
1,3,327,986,7,0
1,3,329,1050,-1,1
1,3,329,1274,-1,1
1,3,331,914,-1,1
1,3,336,819,7,0
1,3,338,847,-1,1
1,3,339,289,7,0
1,3,341,860,-1,1
1,3,347,699,7,0
1,3,351,658,7,0
1,3,354,401,-1,1
1,3,358,1169,-1,1
1,3,360,1529,-1,1
1,3,362,613,7,0
1,3,364,929,7,0
1,3,387,101,-1,1
1,3,394,1911,7,0
1,3,400,1274,-1,1
1,3,409,876,7,0
1,3,415,1020,-1,1
1,3,418,503,7,0
1,3,424,480,-1,1
1,3,426,821,-1,1
1,3,429,1210,7,0
1,3,429,660,-1,1
1,3,435,536,7,0
1,3,436,534,7,0
1,3,440,431,7,0
1,3,440,898,-1,1
1,3,441,657,-1,1
1,3,442,1096,7,0
1,3,442,1098,7,0
1,3,443,531,7,0
1,3,443,677,-1,1
1,3,444,593,-1,1
1,3,450,828,-1,1
1,3,452,1195,7,0
1,3,458,832,7,0
1,3,460,646,-1,1
1,3,462,660,-1,1
1,3,468,612,7,0
1,3,469,1801,7,0
1,3,470,1759,7,0
1,3,477,346,7,0
1,3,481,467,-1,1
1,3,483,907,7,0
1,3,492,473,-1,1
1,3,505,328,7,0
1,3,511,569,7,0
1,3,518,829,7,0
1,3,532,1001,-1,1
1,3,541,650,7,0
1,3,545,1517,-1,1
1,3,547,377,7,0
1,3,551,258,-1,1
1,3,557,456,7,0
1,3,558,917,-1,1
1,3,561,53,7,0
1,3,566,841,7,1
1,3,568,1246,7,0
1,3,569,242,7,0
1,3,569,710,7,1
1,3,570,117,6,0
1,3,575,372,7,0
1,3,577,1320,-1,1
1,3,580,264,-1,1
1,3,590,680,-1,1
1,3,590,930,-1,1
1,3,593,1941,-1,1
1,3,601,890,-1,1
1,3,609,692,2,0
1,3,619,263,7,0
1,3,625,355,7,0
1,3,626,414,7,0
1,3,634,1021,-1,1
1,3,648,972,-1,1
1,3,651,1260,7,0
1,3,652,159,7,0
1,3,656,975,-1,1
1,3,657,383,7,0
1,3,658,1002,7,0
1,3,658,612,7,0
1,3,663,329,7,0
1,3,670,978,-1,1
1,3,689,1086,7,0
1,3,691,1444,7,0
1,3,694,985,7,0
1,3,697,964,-1,1
1,3,705,187,-1,1
1,3,716,211,7,0
1,3,73,1002,-1,1
1,3,730,580,7,0
1,3,731,985,-1,1
1,3,734,190,7,0
1,3,743,1125,-1,1
1,3,748,1952,-1,1
1,3,77,679,7,0
1,3,78,1428,7,0
1,3,784,301,7,0
1,3,817,420,7,0
1,3,825,526,7,0
1,3,837,633,-1,1
1,3,842,547,7,0
1,3,849,334,7,0
1,3,856,1644,7,1
1,3,856,255,-1,1
1,3,867,1487,7,0
1,3,879,196,1,0
1,3,893,255,-1,1
1,3,91,1007,-1,1
1,3,91,766,-1,1
1,3,911,642,7,0
1,3,94,467,7,0
1,3,95,626,7,0
1,3,95,973,7,1
1,3,967,487,7,0
1,3,984,236,7,0
1,3,991,306,7,0
1,4,1057,1571,-1,1
1,4,1084,329,-1,1
1,4,1087,247,-1,1
1,4,1091,1437,-1,1
1,4,1129,1721,-1,1
1,4,1139,129,7,0
1,4,1148,356,7,0
1,4,1154,207,7,0
1,4,1210,1694,7,0
1,4,1226,1276,-1,1
1,4,1253,1383,7,0
1,4,1268,143,-1,1
1,4,1269,144,-1,1
1,4,1278,1252,-1,1
1,4,1281,852,-1,1
1,4,1285,1880,7,0
1,4,1285,265,7,0
1,4,1313,1259,-1,1
1,4,1326,1415,7,0
1,4,1333,759,7,0
1,4,134,1991,-1,1
1,4,1344,821,7,0
1,4,1355,831,-1,1
1,4,1362,1688,7,0
1,4,1400,873,-1,1
1,4,1425,487,7,0
1,4,1435,615,7,0
1,4,1436,617,7,0
1,4,1447,812,-1,1
1,4,1448,771,-1,1
1,4,1452,1423,7,0
1,4,1455,548,-1,1
1,4,1471,788,-1,1
1,4,1483,932,7,0
1,4,1497,732,-1,1
1,4,1512,698,-1,1
1,4,1517,272,7,0
1,4,1546,174,7,0
1,4,1548,1997,-1,1
1,4,1555,1867,7,0
1,4,1588,146,7,0
1,4,1592,1052,7,0
1,4,1592,164,-1,1
1,4,1602,1347,-1,1
1,4,162,982,4,0
1,4,1706,1517,-1,1
1,4,1730,972,7,0
1,4,1742,386,7,0
1,4,1744,1479,-1,1
1,4,1745,535,-1,1
1,4,1753,176,-1,1
1,4,1815,1318,7,0
1,4,1816,1034,-1,1
1,4,1818,1404,7,0
1,4,1825,1381,7,0
1,4,1845,423,-1,1
1,4,1858,1163,7,0
1,4,1862,457,-1,1
1,4,1869,1554,7,1
1,4,1874,1194,-1,1
1,4,1890,1505,-1,1
1,4,1903,1556,7,0
1,4,1904,1334,-1,1
1,4,1936,1951,7,0
1,4,1936,878,-1,1
1,4,1942,731,7,0
1,4,1945,1624,7,0
1,4,1946,1834,7,0
1,4,1948,1234,7,0
1,4,1955,1383,7,0
1,4,1957,1752,7,0
1,4,1968,1282,-1,1
1,4,1972,1030,7,0
1,4,1974,963,7,0
1,4,1975,2030,7,0
1,4,198,888,7,0
1,4,1992,1638,7,0
1,4,2001,1863,-1,1
1,4,2004,867,7,0
1,4,2007,1556,7,0
1,4,2014,1402,7,0
1,4,2014,1403,7,0
1,4,2026,1178,7,0
1,4,2034,1909,7,0
1,4,2038,1877,-1,1
1,4,2043,1906,-1,1
1,4,2044,1258,7,0
1,4,2045,1327,7,0
1,4,2047,1641,7,0
1,4,205,1189,7,0
1,4,2053,1011,7,0
1,4,2054,964,7,0
1,4,2057,796,-1,1
1,4,2060,1029,7,0
1,4,2062,1266,-1,1
1,4,2066,968,7,0
1,4,2076,833,-1,1
1,4,2076,884,-1,1
1,4,279,1052,7,0
1,4,322,764,-1,1
1,4,354,1782,7,0
1,4,359,1240,7,0
1,4,378,1702,-1,1
1,4,387,1725,7,0
1,4,405,1992,-1,1
1,4,420,283,-1,1
1,4,462,651,-1,1
1,4,544,1696,7,0
1,4,563,874,-1,1
1,4,579,1976,-1,1
1,4,645,1136,-1,1
1,4,674,79,-1,1
1,4,733,1618,7,0
1,4,743,1431,7,0
1,4,780,1894,-1,1
1,4,781,665,-1,1
1,4,944,311,7,0
1,4,948,556,7,0
1,4,957,714,-1,1
1,4,971,70,-1,1
1,4,978,1974,-1,1
1,4,994,1713,-1,1
2,1,100,932,7,0
2,1,1000,201,1,0
2,1,1011,174,7,0
2,1,103,109,7,0
2,1,1033,778,7,0
2,1,1035,62,7,0
2,1,1036,1060,7,0
2,1,1036,160,7,0
2,1,1037,1475,7,0
2,1,1039,212,7,0
2,1,1041,34,7,0
2,1,1050,343,7,0
2,1,1051,1701,7,0
2,1,106,1177,7,0
2,1,1088,141,3,0
2,1,1094,689,7,0
2,1,1100,131,7,0
2,1,1110,431,7,0
2,1,1112,665,7,0
2,1,1116,978,-1,1
2,1,1130,699,7,0
2,1,1133,595,7,0
2,1,1144,1052,-1,1
2,1,1147,668,3,0
2,1,117,363,7,0
2,1,1171,269,-1,1
2,1,118,282,7,0
2,1,1183,121,7,0
2,1,1183,390,-1,1
2,1,119,1857,4,0
2,1,1232,370,7,0
2,1,1273,544,-1,1
2,1,1274,715,-1,1
2,1,1274,968,-1,1
2,1,129,1675,7,0
2,1,1320,789,-1,1
2,1,1333,678,-1,1
2,1,1338,604,-1,1
2,1,1338,814,-1,1
2,1,1344,652,7,0
2,1,1351,1228,7,0
2,1,1360,588,7,0
2,1,1371,669,-1,1
2,1,1376,775,7,0
2,1,1379,606,7,0
2,1,1388,660,-1,1
2,1,1394,685,-1,1
2,1,1401,752,-1,1
2,1,1402,671,7,0
2,1,1405,586,2,0
2,1,1413,1946,7,0
2,1,1421,620,-1,1
2,1,1454,1020,-1,1
2,1,1458,549,-1,1
2,1,1458,665,-1,1
2,1,1496,591,-1,1
2,1,1501,744,7,0
2,1,1509,1003,7,0
2,1,1518,1828,-1,1
2,1,1521,760,7,0
2,1,1528,609,7,0
2,1,1531,544,-1,1
2,1,1533,1336,7,0
2,1,154,1360,7,0
2,1,1548,1517,7,0
2,1,156,1025,7,0
2,1,156,204,7,0
2,1,1568,1440,-1,1
2,1,1608,1448,7,0
2,1,161,190,7,0
2,1,162,552,-1,1
2,1,165,1401,-1,1
2,1,1652,1021,-1,1
2,1,166,148,4,0
2,1,1681,1857,-1,1
2,1,177,1734,7,0
2,1,177,1853,-1,1
2,1,1781,931,7,0
2,1,1783,1972,-1,1
2,1,182,1645,7,0
2,1,1831,118,-1,1
2,1,1844,2000,7,0
2,1,1847,75,1,0
2,1,185,1090,7,0
2,1,189,635,7,0
2,1,1947,472,7,0
2,1,196,263,-1,1
2,1,1975,1696,-1,1
2,1,198,1966,-1,1
2,1,2008,1117,-1,1
2,1,201,1657,7,0
2,1,2030,156,7,0
2,1,2044,323,-1,1
2,1,2066,376,2,0
2,1,210,228,7,1
2,1,212,1738,7,0
2,1,218,1806,-1,1
2,1,221,648,-1,1
2,1,230,532,7,0
2,1,239,131,7,0
2,1,242,965,-1,1
2,1,246,181,7,0
2,1,247,578,7,0
2,1,248,181,7,0
2,1,248,1985,7,0
2,1,252,304,7,0
2,1,254,1929,-1,1
2,1,255,899,-1,1
2,1,257,1930,7,0
2,1,258,747,7,0
2,1,260,563,1,0
2,1,260,746,7,0
2,1,261,718,-1,1
2,1,264,181,7,0
2,1,273,213,-1,1
2,1,282,96,7,0
2,1,283,134,7,1
2,1,283,500,7,0
2,1,285,501,7,0
2,1,287,350,7,0
2,1,296,1779,7,0
2,1,298,830,-1,1
2,1,304,829,7,0
2,1,305,946,7,0
2,1,307,737,7,0
2,1,326,312,7,0
2,1,327,157,7,0
2,1,328,706,7,0
2,1,330,706,7,0
2,1,344,1494,-1,1
2,1,346,812,7,0
2,1,351,359,-1,1
2,1,361,1254,-1,1
2,1,361,486,7,0
2,1,364,472,7,0
2,1,365,484,7,0
2,1,366,445,7,0
2,1,368,445,7,0
2,1,369,1143,7,1
2,1,370,444,7,0
2,1,377,382,7,0
2,1,379,383,-1,1
2,1,380,924,1,0
2,1,392,703,7,0
2,1,396,702,-1,1
2,1,401,89,7,0
2,1,407,1740,-1,1
2,1,419,187,7,0
2,1,423,186,7,0
2,1,436,2022,7,0
2,1,440,1616,7,0
2,1,441,420,7,0
2,1,449,1735,7,0
2,1,468,349,7,0
2,1,476,1030,7,0
2,1,476,283,-1,1
2,1,489,1489,7,0
2,1,490,765,-1,1
2,1,492,1969,7,0
2,1,497,1419,-1,1
2,1,501,1419,7,0
2,1,504,1400,7,1
2,1,508,1244,7,0
2,1,510,1360,7,0
2,1,515,181,-1,1
2,1,528,146,7,0
2,1,532,359,7,0
2,1,550,782,-1,1
2,1,551,313,-1,1
2,1,553,616,-1,1
2,1,566,1092,7,0
2,1,566,342,7,0
2,1,570,1077,7,0
2,1,578,72,-1,1
2,1,579,1061,-1,1
2,1,585,1290,7,0
2,1,587,1166,7,0
2,1,593,802,-1,1
2,1,597,575,7,0
2,1,600,980,7,0
2,1,601,494,7,0
2,1,603,1408,-1,1
2,1,603,530,7,0
2,1,611,68,7,0
2,1,619,1045,7,0
2,1,621,603,7,0
2,1,625,594,7,0
2,1,627,594,-1,1
2,1,628,48,7,0
2,1,636,2000,7,0
2,1,637,1071,-1,1
2,1,641,1145,-1,1
2,1,643,333,7,0
2,1,643,398,7,0
2,1,669,720,-1,1
2,1,673,720,-1,1
2,1,675,319,7,0
2,1,680,1718,7,0
2,1,685,990,7,0
2,1,687,990,7,0
2,1,691,202,-1,1
2,1,695,175,7,1
2,1,696,523,7,0
2,1,697,573,7,0
2,1,698,301,7,0
2,1,702,263,7,0
2,1,703,1600,-1,1
2,1,706,1601,7,0
2,1,712,809,1,0
2,1,723,452,7,0
2,1,724,1077,-1,1
2,1,724,155,-1,1
2,1,743,337,-1,1
2,1,755,44,7,0
2,1,759,375,-1,1
2,1,764,173,7,0
2,1,766,173,7,0
2,1,770,683,7,0
2,1,781,565,7,0
2,1,793,1629,7,0
2,1,793,269,7,0
2,1,798,48,7,0
2,1,807,512,7,0
2,1,813,496,-1,1
2,1,817,1069,-1,1
2,1,833,770,1,0
2,1,841,400,7,0
2,1,842,217,1,0
2,1,846,339,7,0
2,1,853,285,7,0
2,1,862,52,7,0
2,1,874,576,-1,1
2,1,875,1117,7,0
2,1,876,166,7,0
2,1,896,1759,7,0
2,1,896,953,7,0
2,1,923,480,7,0
2,1,936,141,3,0
2,1,936,839,-1,1
2,1,941,1440,-1,1
2,1,945,521,7,0
2,1,947,1502,-1,1
2,1,950,515,7,0
2,1,99,593,7,0
2,1,997,695,7,0
2,2,104,1547,7,0
2,2,150,194,7,0
2,2,152,1981,-1,1
2,2,160,1686,7,0
2,2,209,1052,7,0
2,2,241,234,-1,1
2,2,249,1891,-1,1
2,2,251,1092,7,0
2,2,292,537,1,0
2,2,320,1181,7,0
2,2,345,2022,7,0
2,2,390,1988,7,0
2,2,536,1315,7,0
2,2,68,47,1,0
2,2,697,1758,7,0
2,2,757,1309,7,0
2,2,985,144,7,0
2,3,1115,292,-1,1
2,3,1193,232,-1,1
2,3,1193,772,-1,1
2,3,1201,1062,7,0
2,3,1201,992,-1,1
2,3,1215,515,7,0
2,3,1313,1856,-1,1
2,3,1422,1754,-1,1
2,3,1457,1951,-1,1
2,3,1491,1945,-1,1
2,3,1512,1739,-1,1
2,3,1545,601,-1,1
2,3,1612,1793,7,0
2,3,1630,1335,-1,1
2,3,1636,1332,-1,1
2,3,1641,1841,7,0
2,3,1680,866,7,0
2,3,1690,1800,7,0
2,3,1729,1820,-1,1
2,3,1790,1254,-1,1
2,3,1832,1206,-1,1
2,3,1842,2018,7,0
2,3,1846,1798,-1,1
2,3,1864,1793,-1,1
2,3,1867,1220,-1,1
2,3,1922,1692,7,0
2,3,1932,1104,-1,1
2,3,1973,1994,7,0
2,3,1974,1809,-1,1
2,3,2062,400,-1,1
2,3,232,355,7,1
2,3,244,375,7,0
2,3,385,677,7,0
2,3,455,590,-1,1
2,3,598,600,-1,1
2,3,709,566,7,0
2,3,807,1484,-1,1
2,3,838,139,-1,1
2,3,933,860,7,0
2,3,978,94,7,0
2,4,1032,1528,-1,1
2,4,1039,61,-1,1
2,4,1049,457,7,0
2,4,1054,1379,7,0
2,4,1063,70,-1,1
2,4,1089,732,-1,1
2,4,111,152,7,0
2,4,1112,1465,7,0
2,4,1123,1348,7,0
2,4,1153,157,7,0
2,4,1155,1878,7,0
2,4,1184,1947,7,0
2,4,1188,1781,7,0
2,4,1191,1467,-1,1
2,4,1206,426,-1,1
2,4,1207,1665,-1,1
2,4,1223,306,-1,1
2,4,1224,1492,-1,1
2,4,1264,147,7,0
2,4,1264,309,-1,1
2,4,1266,185,7,0
2,4,1271,560,7,0
2,4,1278,1538,-1,1
2,4,1289,828,7,0
2,4,1312,1589,-1,1
2,4,1313,631,-1,1
2,4,1318,498,4,0
2,4,1333,1054,7,0
2,4,1359,723,7,0
2,4,1361,1195,-1,1
2,4,1365,696,7,0
2,4,1367,697,7,0
2,4,1381,67,-1,1
2,4,1388,1593,7,0
2,4,1423,588,7,0
2,4,1425,1483,7,0
2,4,1433,233,-1,1
2,4,1436,1562,-1,1
2,4,1452,1490,-1,1
2,4,1454,454,-1,1
2,4,1461,1545,7,0
2,4,1476,1536,7,0
2,4,1495,1733,-1,1
2,4,1506,434,7,0
2,4,1507,858,7,0
2,4,1517,1168,7,0
2,4,1518,1390,7,0
2,4,1519,873,7,0
2,4,1521,265,7,0
2,4,1522,1528,7,0
2,4,1531,822,-1,1
2,4,1532,824,7,0
2,4,1536,1447,7,0
2,4,1537,1402,7,0
2,4,1538,921,7,0
2,4,1549,1234,7,0
2,4,1550,610,2,0
2,4,1560,1088,-1,1
2,4,1566,829,7,0
2,4,1568,637,7,0
2,4,1569,728,7,0
2,4,1570,1510,-1,1
2,4,1571,930,7,0
2,4,1577,1502,7,0
2,4,1586,818,7,0
2,4,1591,784,7,0
2,4,1592,767,7,0
2,4,1593,968,7,0
2,4,1598,113,7,0
2,4,1618,982,7,0
2,4,1620,583,7,0
2,4,1622,584,-1,1
2,4,1629,1946,7,1
2,4,1636,667,7,0
2,4,1651,740,7,0
2,4,1659,659,-1,1
2,4,1660,706,-1,1
2,4,1673,616,7,0
2,4,1681,402,7,0
2,4,1683,98,7,0
2,4,1684,992,-1,1
2,4,1689,629,7,0
2,4,1690,339,7,0
2,4,1693,874,7,0
2,4,1694,293,7,0
2,4,1713,448,7,0
2,4,1719,786,7,0
2,4,1729,491,7,0
2,4,1729,733,7,0
2,4,1742,1529,-1,1
2,4,1751,1168,7,0
2,4,1752,1247,7,0
2,4,1755,1197,7,0
2,4,1779,1024,-1,1
2,4,1784,751,7,0
2,4,1785,434,7,0
2,4,1796,1958,7,0
2,4,1798,501,7,1
2,4,1804,1267,-1,1
2,4,1814,1062,-1,1
2,4,1820,395,7,0
2,4,1820,724,7,0
2,4,1826,922,7,0
2,4,1827,518,-1,1
2,4,1829,1261,7,1
2,4,1830,516,-1,1
2,4,1834,393,7,0
2,4,1845,666,7,0
2,4,1849,1592,-1,1
2,4,1852,638,7,0
2,4,1855,915,7,0
2,4,1864,894,7,0
2,4,1866,790,7,0
2,4,1874,97,7,0
2,4,1876,381,7,0
2,4,1882,1014,7,0
2,4,1889,416,7,0
2,4,1890,622,-1,1
2,4,1893,2012,7,0
2,4,1893,448,7,0
2,4,1895,679,7,0
2,4,1896,1114,7,0
2,4,1902,1752,7,0
2,4,1908,1306,7,0
2,4,1910,1203,7,0
2,4,1911,878,7,0
2,4,1912,1014,-1,1
2,4,1914,1447,-1,1
2,4,1914,494,7,1
2,4,1918,640,7,0
2,4,1926,1308,7,0
2,4,1928,1847,7,0
2,4,1932,1069,7,0
2,4,1950,457,7,0
2,4,1951,1210,7,0
2,4,1951,776,7,0
2,4,1952,1043,7,0
2,4,1956,401,7,0
2,4,1962,517,7,0
2,4,1963,1690,7,0
2,4,1968,1716,7,0
2,4,1968,783,7,0
2,4,1971,1865,7,0
2,4,1973,1345,7,0
2,4,1976,1424,7,0
2,4,1981,1134,7,0
2,4,1983,984,7,0
2,4,1984,598,7,0
2,4,1987,771,-1,1
2,4,2002,363,7,0
2,4,2003,1213,-1,1
2,4,2007,2002,7,0
2,4,2010,124,-1,1
2,4,2025,598,4,0
2,4,2026,1151,7,0
2,4,2033,1957,-1,1
2,4,2041,1618,-1,1
2,4,2042,1925,7,0
2,4,2042,816,7,0
2,4,2049,1837,7,0
2,4,2049,403,7,0
2,4,2050,965,7,0
2,4,2051,967,7,0
2,4,2056,1941,7,0
2,4,2067,490,-1,1
2,4,2073,716,7,0
2,4,2079,1174,-1,1
2,4,2080,455,7,0
2,4,255,973,7,0
2,4,264,745,7,0
2,4,273,779,7,0
2,4,282,771,-1,1
2,4,322,1383,7,0
2,4,327,1189,7,0
2,4,334,969,-1,1
2,4,346,997,7,0
2,4,364,934,7,0
2,4,417,1137,-1,1
2,4,431,1728,-1,1
2,4,443,376,7,0
2,4,566,483,7,0
2,4,571,909,7,0
2,4,582,1507,-1,1
2,4,677,102,4,0
2,4,723,1578,-1,1
2,4,739,56,-1,1
2,4,742,1268,7,0
2,4,789,493,-1,1
2,4,802,1443,7,0
2,4,802,628,7,0
2,4,808,518,-1,1
2,4,851,1395,-1,1
2,4,869,1307,-1,1
2,4,869,221,7,0
2,4,879,1829,7,0
2,4,896,1452,-1,1
2,4,964,1459,7,0
2,4,965,256,7,0
2,4,966,1697,7,0
2,4,988,1251,-1,1
2,4,993,517,7,0
3,1,1003,1974,-1,1
3,1,1018,1745,-1,1
3,1,1018,570,-1,1
3,1,1022,1627,-1,1
3,1,1037,567,7,0
3,1,1038,569,7,0
3,1,1040,1666,-1,1
3,1,1041,1426,7,0
3,1,1044,1750,-1,1
3,1,1057,1517,7,0
3,1,1086,971,-1,1
3,1,1094,1702,7,0
3,1,1116,1879,7,0
3,1,1132,949,-1,1
3,1,1144,1038,-1,1
3,1,1151,1859,7,0
3,1,1173,1837,7,0
3,1,1183,1798,7,0
3,1,1185,836,7,0
3,1,1187,1659,7,0
3,1,1191,97,7,0
3,1,1199,904,-1,1
3,1,1200,2007,7,0
3,1,1202,814,7,0
3,1,1208,1775,-1,1
3,1,1218,1846,7,0
3,1,1220,1580,7,0
3,1,1222,1722,7,0
3,1,1226,1988,7,0
3,1,1232,2006,-1,1
3,1,1241,667,-1,1
3,1,1259,640,7,0
3,1,1269,806,-1,1
3,1,1278,1919,7,0
3,1,1306,1907,7,0
3,1,1322,1435,-1,1
3,1,1328,946,-1,1
3,1,1342,1480,-1,1
3,1,1357,1843,7,0
3,1,1366,1893,7,0
3,1,1379,1420,-1,1
3,1,1399,1662,7,0
3,1,1418,1746,7,0
3,1,1422,868,-1,1
3,1,1424,839,7,0
3,1,1433,1827,7,0
3,1,1441,1529,7,0
3,1,1447,1516,7,0
3,1,1450,1547,7,0
3,1,1464,749,-1,1
3,1,1465,1061,7,0
3,1,1481,1847,7,0
3,1,1490,1110,7,0
3,1,1491,1410,7,0
3,1,1492,1174,7,0
3,1,1499,1482,7,0
3,1,1506,1395,7,0
3,1,1515,1108,7,0
3,1,1520,1745,7,0
3,1,1522,1098,7,0
3,1,1537,1069,7,0
3,1,1538,1528,7,0
3,1,1538,1717,-1,1
3,1,1556,1532,-1,1
3,1,1560,1771,7,0
3,1,1573,1341,7,0
3,1,1578,1094,7,0
3,1,1593,1490,7,0
3,1,161,879,7,0
3,1,1614,379,5,0
3,1,1622,1876,-1,1
3,1,1622,1905,-1,1
3,1,1622,737,7,0
3,1,1623,123,-1,1
3,1,1646,353,-1,1
3,1,1649,1808,7,0
3,1,1652,1893,7,0
3,1,1660,1668,-1,1
3,1,1661,372,5,0
3,1,1676,496,-1,1
3,1,1679,445,-1,1
3,1,1684,132,-1,1
3,1,1687,714,-1,1
3,1,1696,1992,-1,1
3,1,1701,701,7,0
3,1,1706,405,-1,1
3,1,1707,426,-1,1
3,1,1711,1672,7,0
3,1,1713,480,5,0
3,1,1715,1916,7,0
3,1,1716,1897,7,0
3,1,1717,379,5,0
3,1,1720,2031,-1,1
3,1,1721,1743,7,0
3,1,1723,1477,-1,1
3,1,1726,1921,-1,1
3,1,1727,363,7,0
3,1,1730,503,5,0
3,1,1735,384,5,0
3,1,1754,1883,-1,1
3,1,1769,1893,-1,1
3,1,1778,2005,-1,1
3,1,1783,1727,7,0
3,1,1785,619,7,0
3,1,1788,1751,-1,1
3,1,1792,1849,-1,1
3,1,1795,1413,7,0
3,1,1797,1948,-1,1
3,1,1799,1191,7,0
3,1,1803,1203,-1,1
3,1,1805,1869,-1,1
3,1,1805,1986,-1,1
3,1,1807,2002,-1,1
3,1,1813,1856,-1,1
3,1,1817,347,7,0
3,1,1822,1211,-1,1
3,1,1822,905,-1,1
3,1,1826,1835,-1,1
3,1,1830,1873,-1,1
3,1,1832,1715,7,0
3,1,1833,469,-1,1
3,1,1834,1965,-1,1
3,1,1839,1917,-1,1
3,1,1840,1983,-1,1
3,1,1842,1908,-1,1
3,1,1842,400,-1,1
3,1,1845,95,1,0
3,1,1846,299,-1,1
3,1,1847,1903,-1,1
3,1,1847,385,-1,1
3,1,1856,1213,-1,1
3,1,1856,342,7,0
3,1,1857,1690,7,0
3,1,1859,1745,-1,1
3,1,1867,1977,7,0
3,1,1867,240,-1,1
3,1,1868,45,7,0
3,1,1868,494,5,0
3,1,1869,1830,-1,1
3,1,1870,1850,-1,1
3,1,1889,1473,7,0
3,1,1892,1777,7,0
3,1,1893,310,7,0
3,1,1906,995,7,0
3,1,1919,1844,-1,1
3,1,1922,1251,7,0
3,1,1925,1824,7,0
3,1,1925,475,5,0
3,1,1935,1522,7,0
3,1,1937,1811,-1,1
3,1,1939,1207,7,0
3,1,1953,1165,-1,1
3,1,1955,1225,7,0
3,1,1961,1979,-1,1
3,1,1961,1982,7,0
3,1,1970,1212,7,0
3,1,1970,1741,-1,1
3,1,1972,1954,7,0
3,1,1982,1886,-1,1
3,1,1985,1605,7,0
3,1,1996,1391,7,0
3,1,1999,1022,7,0
3,1,2001,1725,-1,1
3,1,2002,1835,-1,1
3,1,2016,1894,-1,1
3,1,2018,1916,-1,1
3,1,2021,857,7,0
3,1,2029,1306,7,0
3,1,2050,1138,-1,1
3,1,2054,1658,-1,1
3,1,2054,500,7,0
3,1,2058,1284,7,0
3,1,2061,1436,-1,1
3,1,2062,1592,7,0
3,1,2062,1761,-1,1
3,1,2064,1737,7,0
3,1,2065,1554,7,0
3,1,2072,1339,7,0
3,1,2076,1686,7,0
3,1,2076,1689,7,0
3,1,2078,874,7,0
3,1,2081,1413,-1,1
3,1,2083,1315,7,0
3,1,374,1403,-1,1
3,1,454,1945,-1,1
3,1,472,1915,7,0
3,1,490,1872,7,0
3,1,558,1874,-1,1
3,1,658,1605,-1,1
3,1,727,1787,-1,1
3,1,739,1874,7,0
3,1,739,2008,-1,1
3,1,800,940,7,0
3,1,817,861,7,0
3,1,862,731,-1,1
3,1,870,1805,7,0
3,1,871,693,7,0
3,1,887,1794,7,0
3,1,910,1715,7,0
3,1,939,1862,-1,1
3,1,941,1694,-1,1
3,1,942,709,-1,1
3,1,950,622,7,0
3,1,975,1654,-1,1
3,1,994,1686,-1,1
3,2,1002,830,-1,1
3,2,1003,307,7,0
3,2,1004,1880,7,0
3,2,1004,1883,3,0
3,2,1007,1237,-1,1
3,2,1025,380,7,0
3,2,1027,1939,-1,1
3,2,1027,1955,-1,1
3,2,1028,1969,7,0
3,2,1035,1771,7,0
3,2,1035,1774,-1,1
3,2,1040,1951,-1,1
3,2,1048,615,7,0
3,2,1053,1698,7,0
3,2,106,1616,7,0
3,2,1092,1717,7,0
3,2,1095,1885,-1,1
3,2,1097,1850,7,0
3,2,113,350,-1,1
3,2,1130,1363,7,0
3,2,1132,446,7,0
3,2,1139,1923,7,0
3,2,1146,1904,7,0
3,2,1146,1905,7,0
3,2,1149,370,7,0
3,2,1153,1027,-1,1
3,2,1153,1041,-1,1
3,2,1164,1846,7,0
3,2,1167,1374,7,0
3,2,117,1271,7,0
3,2,1176,1741,7,0
3,2,1179,1308,7,0
3,2,1180,1696,-1,1
3,2,1183,1860,7,0
3,2,1184,1728,-1,1
3,2,1185,1354,-1,1
3,2,1185,475,7,0
3,2,1192,1768,7,0
3,2,1193,1941,7,0
3,2,1198,1287,7,0
3,2,1202,1982,7,0
3,2,1204,318,7,0
3,2,1206,946,7,0
3,2,1211,1972,7,0
3,2,1212,1729,7,0
3,2,1218,1437,7,0
3,2,122,1294,4,0
3,2,1223,826,-1,1
3,2,1239,1393,7,0
3,2,1239,528,-1,1
3,2,1243,1855,7,0
3,2,1245,1150,-1,1
3,2,1246,1149,7,0
3,2,1251,572,7,0
3,2,1258,1638,7,0
3,2,1271,1103,7,0
3,2,1272,1411,7,0
3,2,1273,1336,7,0
3,2,1275,472,7,0
3,2,1276,994,7,0
3,2,1280,1317,7,0
3,2,1285,2019,7,0
3,2,1293,1811,7,0
3,2,1293,1865,7,0
3,2,1298,1962,-1,1
3,2,1301,1771,7,0
3,2,1303,656,-1,1
3,2,1307,1167,4,0
3,2,1309,2011,-1,1
3,2,1310,842,7,0
3,2,1318,1692,-1,1
3,2,1318,1693,-1,1
3,2,1319,1955,7,0
3,2,1327,1074,-1,1
3,2,1328,1850,7,0
3,2,133,244,-1,1
3,2,1332,1647,7,0
3,2,1332,1649,7,0
3,2,1338,1741,7,1
3,2,1342,1797,-1,1
3,2,1342,1800,-1,1
3,2,1348,1713,7,0
3,2,135,1112,7,0
3,2,1350,493,7,0
3,2,1356,1815,-1,1
3,2,1366,1916,7,0
3,2,1375,480,7,0
3,2,1380,515,7,0
3,2,1381,1980,-1,1
3,2,1385,1131,7,0
3,2,1385,1813,-1,1
3,2,1385,1816,-1,1
3,2,1387,145,7,0
3,2,139,1656,-1,1
3,2,1395,790,7,0
3,2,1398,1225,7,0
3,2,1399,913,2,0
3,2,1401,1747,-1,1
3,2,1411,1768,-1,1
3,2,1411,1770,-1,1
3,2,1424,753,-1,1
3,2,1427,1680,7,0
3,2,1432,457,7,0
3,2,1435,1484,7,0
3,2,1437,1561,7,0
3,2,1442,1937,7,0
3,2,1442,1945,-1,1
3,2,1452,508,-1,1
3,2,1452,510,7,0
3,2,1454,1680,-1,1
3,2,1454,1802,-1,1
3,2,1461,970,7,0
3,2,1466,490,7,0
3,2,1467,512,-1,1
3,2,1478,1893,7,0
3,2,1478,1896,-1,1
3,2,1481,1939,7,0
3,2,1484,1789,7,0
3,2,1484,1919,7,0
3,2,1489,463,7,0
3,2,1493,1212,7,0
3,2,1502,169,7,0
3,2,1502,767,-1,1
3,2,1503,1636,1,0
3,2,1510,444,7,0
3,2,1519,173,7,0
3,2,1522,1634,7,0
3,2,1523,373,7,0
3,2,1532,123,7,0
3,2,1533,134,7,0
3,2,1535,1801,-1,1
3,2,1537,1298,0,0
3,2,1537,1959,7,0
3,2,1545,1017,7,0
3,2,1548,335,7,0
3,2,1551,1939,7,0
3,2,1589,156,7,0
3,2,159,1655,7,0
3,2,1596,1314,7,0
3,2,1602,1283,6,0
3,2,1607,1214,7,0
3,2,1610,1296,-1,1
3,2,1610,178,-1,1
3,2,1615,1331,-1,1
3,2,1617,1204,5,0
3,2,1618,1281,7,0
3,2,1622,1362,7,0
3,2,1624,1393,7,0
3,2,1624,231,7,0
3,2,1625,1317,-1,1
3,2,1627,1646,7,0
3,2,1631,1315,-1,1
3,2,1631,1317,7,0
3,2,1631,1628,7,0
3,2,1632,1239,7,0
3,2,1637,1249,7,0
3,2,1637,1283,-1,1
3,2,164,1810,7,0
3,2,164,1813,7,0
3,2,1640,1661,-1,1
3,2,1640,1752,1,0
3,2,1642,192,7,0
3,2,1648,1191,7,0
3,2,1648,1329,7,0
3,2,1654,1110,-1,1
3,2,1654,1126,7,0
3,2,1654,1238,7,0
3,2,1663,1205,7,0
3,2,1664,958,7,0
3,2,1665,1123,7,0
3,2,1667,1192,7,0
3,2,1668,1234,-1,1
3,2,1668,555,-1,1
3,2,1671,1421,7,0
3,2,1673,647,7,0
3,2,1674,515,7,0
3,2,1676,1182,-1,1
3,2,1682,1085,7,0
3,2,1683,1254,7,0
3,2,1685,1192,-1,1
3,2,1685,1194,7,0
3,2,1687,1282,7,0
3,2,1690,1673,7,0
3,2,1701,941,-1,1
3,2,1701,943,-1,1
3,2,1705,1802,7,0
3,2,1706,534,-1,1
3,2,1706,731,7,0
3,2,1710,723,-1,1
3,2,1712,1167,7,1
3,2,1715,302,7,0
3,2,1722,199,7,0
3,2,1726,412,7,0
3,2,1731,1135,7,0
3,2,1733,406,7,0
3,2,1735,1757,7,0
3,2,1735,1760,7,0
3,2,1737,1021,-1,1
3,2,1737,1024,7,0
3,2,174,666,-1,1
3,2,1743,929,7,0
3,2,1746,1765,7,0
3,2,1757,845,-1,1
3,2,1758,744,7,0
3,2,1760,1123,7,0
3,2,1764,808,7,0
3,2,1765,679,7,0
3,2,1768,1487,7,0
3,2,1786,965,7,0
3,2,1792,701,7,0
3,2,1797,1945,7,0
3,2,1802,1494,7,0
3,2,1804,1437,-1,1
3,2,1804,692,-1,1
3,2,1811,1414,7,0
3,2,1811,367,7,0
3,2,1813,1523,7,0
3,2,1814,1534,7,0
3,2,1814,1932,-1,1
3,2,1818,827,7,0
3,2,1822,878,7,0
3,2,1824,466,-1,1
3,2,1826,1995,-1,1
3,2,1831,1020,-1,1
3,2,1832,1486,6,0
3,2,1839,1547,7,0
3,2,1844,1398,7,0
3,2,1845,1305,-1,1
3,2,1846,1513,-1,1
3,2,1846,814,7,0
3,2,1847,1843,-1,1
3,2,1847,1846,7,0
3,2,1848,1544,7,0
3,2,1848,1546,7,0
3,2,1855,1789,7,0
3,2,186,1201,7,0
3,2,1860,419,7,0
3,2,1861,1525,7,0
3,2,1861,803,-1,1
3,2,1862,226,7,0
3,2,1864,1668,7,0
3,2,1866,674,-1,1
3,2,1871,819,7,0
3,2,1873,1030,7,0
3,2,1875,1976,-1,1
3,2,1877,629,7,0
3,2,188,1631,7,0
3,2,1881,1314,-1,1
3,2,1885,490,7,0
3,2,1886,1728,7,0
3,2,1888,1154,7,0
3,2,1888,1768,7,0
3,2,1890,1057,7,0
3,2,1890,825,7,0
3,2,1892,754,7,0
3,2,1895,1545,7,0
3,2,1896,630,7,0
3,2,1905,1081,7,0
3,2,1905,571,-1,1
3,2,1908,194,7,0
3,2,1909,1356,-1,1
3,2,1909,1669,-1,1
3,2,1910,1217,-1,1
3,2,1911,1132,-1,1
3,2,1914,855,7,0
3,2,1923,1221,7,0
3,2,1923,1842,7,0
3,2,1923,556,7,0
3,2,1926,1743,-1,1
3,2,1926,312,7,0
3,2,1929,181,3,0
3,2,1930,183,-1,1
3,2,1931,706,7,0
3,2,1934,605,7,0
3,2,1935,980,7,0
3,2,1938,1184,7,0
3,2,1939,1321,7,0
3,2,1940,1506,7,0
3,2,1940,365,7,0
3,2,1943,1244,7,0
3,2,1945,1529,7,0
3,2,1950,1390,-1,1
3,2,1954,1985,7,1
3,2,1955,1506,7,0
3,2,1956,801,7,0
3,2,1961,1334,7,0
3,2,1962,1798,-1,1
3,2,1962,699,7,0
3,2,1966,1538,7,0
3,2,1970,2003,7,0
3,2,1971,1359,7,0
3,2,1972,1616,7,0
3,2,1975,1933,7,0
3,2,1979,683,7,0
3,2,198,1247,-1,1
3,2,1980,1452,7,0
3,2,1981,1065,7,0
3,2,1986,1283,-1,1
3,2,1986,1977,7,0
3,2,1988,1111,7,0
3,2,1988,819,7,0
3,2,1994,861,7,0
3,2,1998,1145,7,0
3,2,1999,312,7,0
3,2,2002,927,7,0
3,2,2007,1275,7,0
3,2,2008,1132,7,0
3,2,2009,1513,7,0
3,2,2009,807,7,0
3,2,2010,1239,7,0
3,2,2011,569,7,0
3,2,2013,581,7,0
3,2,2014,1535,7,0
3,2,2017,1054,-1,1
3,2,2019,1271,7,0
3,2,202,1926,7,0
3,2,2024,1606,7,0
3,2,2024,1691,7,0
3,2,2028,325,7,0
3,2,2029,1163,-1,1
3,2,2029,1334,7,0
3,2,203,1925,7,0
3,2,2030,1838,7,0
3,2,2032,904,7,0
3,2,2034,1535,7,0
3,2,2035,1958,-1,1
3,2,2036,1525,7,0
3,2,2036,290,7,0
3,2,2038,208,7,0
3,2,2039,1402,7,0
3,2,2039,209,7,0
3,2,2039,557,7,0
3,2,2041,1046,7,0
3,2,2041,543,-1,1
3,2,2041,544,7,0
3,2,2043,971,7,0
3,2,2044,1095,7,0
3,2,2045,473,-1,1
3,2,2047,1356,7,0
3,2,2048,866,7,0
3,2,2053,1763,7,0
3,2,2055,854,7,0
3,2,2056,1404,7,0
3,2,2057,1290,7,0
3,2,2063,291,7,0
3,2,2063,549,-1,1
3,2,2064,1242,7,0
3,2,2064,1245,-1,1
3,2,2064,1450,7,0
3,2,2066,317,-1,1
3,2,2066,826,7,0
3,2,2068,1591,-1,1
3,2,2068,1833,7,0
3,2,2071,1288,-1,1
3,2,2072,531,7,0
3,2,2072,554,7,0
3,2,2075,1577,7,0
3,2,2081,1815,4,0
3,2,2083,630,7,0
3,2,209,1257,-1,1
3,2,214,1174,-1,1
3,2,216,1605,7,0
3,2,251,1753,7,1
3,2,258,1196,-1,1
3,2,279,1932,7,0
3,2,281,1576,7,0
3,2,283,1684,7,0
3,2,283,1685,7,0
3,2,287,943,7,0
3,2,288,1704,-1,1
3,2,292,1420,7,0
3,2,300,1804,7,0
3,2,309,1090,7,0
3,2,320,1524,-1,1
3,2,324,1595,7,0
3,2,328,1852,7,0
3,2,342,1811,-1,1
3,2,343,1439,7,0
3,2,343,1809,7,0
3,2,347,1744,7,0
3,2,356,1862,7,0
3,2,358,1133,-1,1
3,2,365,1954,7,0
3,2,365,1957,7,0
3,2,377,1889,7,0
3,2,386,1383,7,0
3,2,387,741,7,0
3,2,395,1892,7,0
3,2,396,1779,7,0
3,2,401,1470,7,0
3,2,406,1779,7,0
3,2,408,1909,7,0
3,2,417,1762,7,0
3,2,418,1760,7,0
3,2,427,1071,7,0
3,2,433,2005,7,0
3,2,435,1609,7,0
3,2,437,1332,7,0
3,2,441,1542,-1,1
3,2,442,1910,7,1
3,2,448,1126,7,0
3,2,455,1800,-1,1
3,2,458,1635,7,0
3,2,464,1491,-1,1
3,2,477,1081,-1,1
3,2,477,1107,-1,1
3,2,479,990,-1,1
3,2,483,1191,7,0
3,2,484,915,-1,1
3,2,489,276,-1,1
3,2,490,777,-1,1
3,2,491,1373,-1,1
3,2,499,546,7,0
3,2,517,547,7,0
3,2,540,1204,-1,1
3,2,541,902,-1,1
3,2,547,1509,-1,1
3,2,550,1434,7,0
3,2,550,860,-1,1
3,2,552,1435,7,0
3,2,553,1174,-1,1
3,2,553,1767,7,0
3,2,553,1941,7,0
3,2,567,1519,-1,1
3,2,568,1900,7,0
3,2,569,1764,7,0
3,2,570,1950,7,0
3,2,582,1601,7,0
3,2,583,1875,7,0
3,2,585,1723,-1,1
3,2,585,1725,-1,1
3,2,586,1848,7,0
3,2,586,991,-1,1
3,2,588,860,-1,1
3,2,591,1955,7,0
3,2,593,1440,-1,1
3,2,593,1706,7,0
3,2,594,756,-1,1
3,2,595,322,7,0
3,2,603,1768,7,0
3,2,607,1812,7,0
3,2,607,1875,7,0
3,2,607,1891,7,1
3,2,607,845,-1,1
3,2,609,820,-1,1
3,2,610,925,-1,1
3,2,612,1653,3,0
3,2,613,1905,7,0
3,2,615,747,6,0
3,2,623,1117,-1,1
3,2,623,1913,7,0
3,2,624,596,-1,1
3,2,626,1100,7,0
3,2,627,1984,7,0
3,2,627,351,7,0
3,2,628,1982,7,0
3,2,629,1641,7,0
3,2,648,1974,7,0
3,2,651,518,-1,1
3,2,656,1004,-1,1
3,2,659,1278,7,0
3,2,664,1037,-1,1
3,2,668,1349,6,0
3,2,668,1902,7,0
3,2,668,1904,7,0
3,2,668,1993,7,0
3,2,669,992,-1,1
3,2,675,1908,7,0
3,2,680,1526,-1,1
3,2,682,1860,7,0
3,2,684,514,-1,1
3,2,687,1838,7,0
3,2,689,1722,7,0
3,2,692,1482,-1,1
3,2,692,1967,7,0
3,2,698,1397,-1,1
3,2,704,958,-1,1
3,2,710,1685,7,0
3,2,716,1203,-1,1
3,2,721,1211,-1,1
3,2,722,1464,-1,1
3,2,735,1399,7,0
3,2,736,256,7,0
3,2,737,1657,7,0
3,2,745,1407,7,0
3,2,745,185,-1,1
3,2,745,1902,7,0
3,2,746,578,-1,1
3,2,755,1956,7,0
3,2,760,1732,7,0
3,2,764,1203,-1,1
3,2,772,1822,7,0
3,2,772,1824,7,0
3,2,773,1968,7,0
3,2,775,1950,7,0
3,2,780,1964,7,0
3,2,781,1703,7,0
3,2,784,1113,7,0
3,2,793,1575,7,0
3,2,796,1790,-1,1
3,2,798,1942,7,0
3,2,799,1910,7,0
3,2,811,1676,7,0
3,2,818,1911,7,1
3,2,826,33,1,0
3,2,839,1373,7,0
3,2,841,1066,7,0
3,2,841,1223,7,0
3,2,843,1816,7,1
3,2,844,1587,7,0
3,2,844,420,-1,1
3,2,845,1584,7,0
3,2,848,1987,7,0
3,2,850,1965,7,0
3,2,856,1634,7,0
3,2,856,1899,7,0
3,2,864,463,7,0
3,2,865,1704,7,0
3,2,866,1701,7,0
3,2,868,1585,-1,1
3,2,874,1325,7,0
3,2,877,561,7,0
3,2,881,1901,7,0
3,2,889,1972,7,0
3,2,890,1974,7,0
3,2,891,1722,-1,1
3,2,892,1611,7,0
3,2,895,1797,7,0
3,2,896,1807,7,0
3,2,897,1928,7,0
3,2,897,1930,-1,1
3,2,909,1714,7,0
3,2,909,1755,7,0
3,2,918,649,7,0
3,2,919,651,-1,1
3,2,939,945,-1,1
3,2,947,902,7,0
3,2,957,1353,7,0
3,2,957,1355,7,0
3,2,958,145,-1,1
3,2,960,557,-1,1
3,2,965,1496,7,0
3,2,984,609,7,0
3,2,985,1654,7,0
3,2,986,611,7,0
3,2,990,420,7,0
3,2,994,1860,-1,1
3,2,997,1668,7,0
3,3,100,1179,7,0
3,3,1000,1326,7,0
3,3,1001,1471,7,0
3,3,1005,548,-1,1
3,3,1007,730,7,0
3,3,1009,1112,7,0
3,3,1010,101,-1,1
3,3,1025,335,7,0
3,3,1033,1902,7,0
3,3,1035,1006,7,0
3,3,1039,1820,7,0
3,3,1039,629,7,0
3,3,1039,895,7,0
3,3,105,585,7,0
3,3,1052,499,-1,1
3,3,106,820,7,0
3,3,1068,379,-1,1
3,3,1075,417,7,0
3,3,1075,598,7,0
3,3,1076,1615,7,0
3,3,1077,149,7,0
3,3,1077,1605,-1,1
3,3,1078,864,7,1
3,3,1079,392,7,0
3,3,1079,408,4,0
3,3,1080,74,7,0
3,3,1081,714,7,0
3,3,1082,1234,7,0
3,3,1082,328,7,0
3,3,1085,781,7,1
3,3,1085,784,7,0
3,3,1086,1607,7,0
3,3,1087,1647,6,0
3,3,1087,346,7,1
3,3,109,1239,7,0
3,3,109,1883,7,0
3,3,1090,673,7,0
3,3,1093,1614,7,0
3,3,1099,990,7,0
3,3,110,214,-1,1
3,3,110,219,7,0
3,3,1100,1782,7,0
3,3,1104,796,7,0
3,3,1107,1202,-1,1
3,3,1107,877,7,0
3,3,1120,716,-1,1
3,3,1123,810,7,0
3,3,1127,1981,7,0
3,3,1128,1979,7,0
3,3,1128,911,7,0
3,3,1129,1949,-1,1
3,3,1130,444,7,0
3,3,1135,1646,6,0
3,3,1137,1242,-1,1
3,3,1139,1959,-1,1
3,3,1142,1676,7,0
3,3,1152,1648,-1,1
3,3,1153,764,7,0
3,3,1157,55,7,0
3,3,1158,1235,-1,1
3,3,1159,1657,7,0
3,3,1164,1975,7,0
3,3,1165,812,7,0
3,3,1168,1852,7,0
3,3,1180,757,-1,1
3,3,1183,1981,7,0
3,3,1185,1869,-1,1
3,3,1189,1507,7,0
3,3,1192,356,7,0
3,3,1193,716,7,0
3,3,1196,1358,-1,1
3,3,1198,165,7,0
3,3,1198,1778,-1,1
3,3,1202,451,-1,1
3,3,1204,1176,7,0
3,3,1204,1289,-1,1
3,3,1206,850,-1,1
3,3,1209,65,7,0
3,3,1212,1647,-1,1
3,3,1214,251,7,0
3,3,1214,799,1,0
3,3,1219,1323,7,0
3,3,1220,1728,7,0
3,3,1221,1874,7,0
3,3,1224,1286,-1,1
3,3,1224,1347,7,0
3,3,1224,1349,7,0
3,3,1225,209,7,0
3,3,123,1116,1,0
3,3,1253,713,7,0
3,3,1256,481,7,0
3,3,1256,484,7,0
3,3,1259,1258,7,0
3,3,1262,1117,-1,1
3,3,1262,1885,-1,1
3,3,1262,196,7,0
3,3,1265,572,7,0
3,3,1265,63,7,0
3,3,1270,365,7,0
3,3,1270,844,-1,1
3,3,1274,1250,7,0
3,3,1277,1373,7,0
3,3,1277,1624,-1,1
3,3,1277,1753,7,0
3,3,1278,34,-1,1
3,3,1279,91,7,0
3,3,1282,1325,7,0
3,3,1283,246,7,0
3,3,1283,55,7,0
3,3,1285,195,7,0
3,3,1287,1642,7,0
3,3,1287,745,7,0
3,3,1288,1273,-1,1
3,3,1302,1635,-1,1
3,3,1304,153,7,0
3,3,1307,238,7,0
3,3,1309,1241,-1,1
3,3,1309,1244,7,0
3,3,1310,483,7,0
3,3,1312,215,7,0
3,3,1314,1894,-1,1
3,3,1321,1306,7,0
3,3,1322,1685,7,0
3,3,1323,1304,7,0
3,3,1323,454,-1,1
3,3,1324,160,7,0
3,3,1324,360,7,0
3,3,1324,62,7,0
3,3,1325,784,7,0
3,3,1326,128,7,0
3,3,1327,700,7,0
3,3,1330,811,7,0
3,3,1332,720,7,0
3,3,1333,1238,7,0
3,3,1336,305,7,0
3,3,1340,739,7,0
3,3,1342,1355,7,0
3,3,1343,1315,7,0
3,3,1345,128,7,0
3,3,1345,939,7,0
3,3,1351,41,2,0
3,3,1352,1215,7,0
3,3,1358,1800,7,0
3,3,1363,158,7,0
3,3,1364,1289,7,0
3,3,1368,124,7,0
3,3,1369,1008,-1,1
3,3,1372,918,-1,1
3,3,1372,96,-1,1
3,3,1374,493,7,0
3,3,1375,1235,7,0
3,3,1375,1238,7,0
3,3,1376,1419,7,0
3,3,1376,92,7,0
3,3,1378,1371,7,0
3,3,1379,845,7,0
3,3,1382,1317,-1,1
3,3,1382,223,7,0
3,3,1384,1635,7,0
3,3,1384,1637,-1,1
3,3,1388,887,7,0
3,3,1389,1288,-1,1
3,3,1389,1289,7,0
3,3,139,1375,7,0
3,3,139,1500,-1,1
3,3,1391,1602,7,0
3,3,1396,1279,7,0
3,3,1397,1546,7,0
3,3,1398,1173,7,0
3,3,140,1130,7,0
3,3,1401,1006,7,0
3,3,1401,707,-1,1
3,3,1413,782,7,0
3,3,1415,1272,-1,1
3,3,1416,645,7,0
3,3,1417,671,7,0
3,3,1418,1015,7,0
3,3,142,876,7,0
3,3,1421,1917,-1,1
3,3,1424,816,7,0
3,3,1424,840,7,0
3,3,1429,1250,-1,1
3,3,1429,672,7,0
3,3,143,872,7,0
3,3,143,997,7,0
3,3,1431,270,-1,1
3,3,1431,847,7,0
3,3,1432,1581,6,0
3,3,1432,1613,7,0
3,3,1433,103,7,0
3,3,1433,1173,7,0
3,3,1439,622,7,0
3,3,1443,1195,7,0
3,3,1445,1753,-1,1
3,3,1445,826,7,0
3,3,1446,639,-1,1
3,3,1448,1235,7,0
3,3,1449,139,7,0
3,3,145,244,7,0
3,3,1450,802,7,0
3,3,1451,662,7,0
3,3,1453,1258,7,0
3,3,1454,1260,7,0
3,3,1456,72,7,0
3,3,1458,1946,7,0
3,3,1458,823,7,0
3,3,1459,1247,7,0
3,3,146,834,7,0
3,3,147,855,-1,1
3,3,1470,864,7,0
3,3,1471,1416,7,0
3,3,1472,1596,7,0
3,3,1473,1808,-1,1
3,3,1474,775,7,0
3,3,1474,878,7,0
3,3,1475,405,-1,1
3,3,1475,739,7,0
3,3,148,1082,7,0
3,3,148,1210,7,0
3,3,148,962,7,0
3,3,1481,708,7,0
3,3,1482,1388,7,0
3,3,1483,452,7,0
3,3,1484,1221,7,0
3,3,1484,1653,7,0
3,3,1487,630,7,0
3,3,1492,807,7,0
3,3,1496,1453,7,0
3,3,1499,1685,-1,1
3,3,150,960,7,0
3,3,1507,756,7,0
3,3,1510,1371,7,0
3,3,1510,672,7,0
3,3,1515,1874,7,0
3,3,1517,1290,7,0
3,3,1520,790,7,0
3,3,1521,325,-1,1
3,3,1524,66,7,0
3,3,1525,1331,7,0
3,3,1526,348,-1,1
3,3,1528,1883,6,0
3,3,1529,1880,-1,1
3,3,1529,472,-1,1
3,3,153,1013,7,0
3,3,1538,1269,7,0
3,3,1539,1455,-1,1
3,3,1539,1647,7,0
3,3,1539,1991,7,0
3,3,154,1006,7,0
3,3,154,1301,7,0
3,3,1541,692,7,0
3,3,1542,717,-1,1
3,3,1543,1437,-1,1
3,3,1544,303,-1,1
3,3,1545,196,-1,1
3,3,1545,841,-1,1
3,3,1546,1354,7,0
3,3,1547,1583,7,0
3,3,1547,792,7,0
3,3,1548,1562,7,0
3,3,1552,1348,7,0
3,3,1552,1917,-1,1
3,3,1554,373,-1,1
3,3,1554,825,-1,1
3,3,1554,855,-1,1
3,3,1554,932,-1,1
3,3,1555,1274,-1,1
3,3,1555,1396,-1,1
3,3,1559,1385,7,0
3,3,1564,386,-1,1
3,3,1565,181,-1,1
3,3,1565,272,-1,1
3,3,1566,227,-1,1
3,3,1567,698,-1,1
3,3,1569,240,7,0
3,3,157,841,7,0
3,3,157,901,7,0
3,3,1574,1438,7,0
3,3,1579,1274,7,0
3,3,1588,159,7,0
3,3,1589,694,7,0
3,3,1593,193,7,0
3,3,1594,1261,7,0
3,3,1594,1262,7,0
3,3,1594,768,-1,1
3,3,1595,232,7,0
3,3,1599,1384,7,0
3,3,1600,305,-1,1
3,3,1600,310,-1,1
3,3,1602,182,-1,1
3,3,1610,1016,7,0
3,3,1611,1742,7,0
3,3,1613,988,7,0
3,3,1615,604,7,0
3,3,162,981,7,0
3,3,162,983,7,0
3,3,1623,181,7,0
3,3,1627,1618,7,0
3,3,164,1267,4,0
3,3,164,659,7,0
3,3,1642,1511,-1,1
3,3,1655,1883,7,0
3,3,1657,85,-1,1
3,3,1667,1588,-1,1
3,3,1675,1663,-1,1
3,3,1675,1938,7,0
3,3,1677,1386,7,0
3,3,1682,1116,-1,1
3,3,1687,1210,7,0
3,3,1687,1440,-1,1
3,3,1688,1713,-1,1
3,3,1689,1716,-1,1
3,3,169,1227,7,0
3,3,1690,1551,-1,1
3,3,1694,2002,7,0
3,3,1694,347,7,0
3,3,1695,61,-1,1
3,3,1697,85,7,0
3,3,1698,1705,-1,1
3,3,170,1439,7,0
3,3,1703,124,7,0
3,3,1708,1537,7,0
3,3,1708,1922,7,0
3,3,1710,2011,-1,1
3,3,1711,2009,7,0
3,3,1714,1762,7,0
3,3,1715,1410,7,0
3,3,1718,1252,-1,1
3,3,1718,1750,7,0
3,3,1721,1883,7,0
3,3,1721,584,-1,1
3,3,1725,1500,7,1
3,3,1727,1938,7,0
3,3,173,1212,7,0
3,3,1743,34,7,0
3,3,1744,1228,-1,1
3,3,1746,1440,7,0
3,3,1746,1839,7,0
3,3,1763,1078,-1,1
3,3,1768,1681,6,0
3,3,177,1413,7,0
3,3,1772,1035,7,0
3,3,1774,1036,7,0
3,3,1775,1472,-1,1
3,3,178,907,7,0
3,3,179,852,7,0
3,3,180,819,7,0
3,3,1803,1943,7,0
3,3,1805,1872,7,0
3,3,1807,1640,6,0
3,3,1807,1642,7,0
3,3,181,1151,7,0
3,3,1810,1782,7,0
3,3,1813,382,7,0
3,3,1819,1321,7,0
3,3,1819,1598,7,0
3,3,1820,2000,-1,1
3,3,1821,1834,-1,1
3,3,1823,810,-1,1
3,3,1825,1903,7,0
3,3,1825,2002,-1,1
3,3,1827,325,7,0
3,3,183,787,-1,1
3,3,1833,176,-1,1
3,3,1833,608,-1,1
3,3,1834,1628,-1,1
3,3,184,978,7,0
3,3,1845,1354,7,0
3,3,1853,1865,7,0
3,3,1870,1747,7,0
3,3,1870,1750,-1,1
3,3,188,812,7,0
3,3,1888,1614,-1,1
3,3,189,1302,7,0
3,3,189,175,7,0
3,3,1893,1930,-1,1
3,3,1902,1454,7,0
3,3,1904,156,-1,1
3,3,1909,1595,7,0
3,3,1916,1471,-1,1
3,3,1916,911,-1,1
3,3,1917,1938,7,0
3,3,1919,61,7,0
3,3,1922,1027,4,0
3,3,1922,1789,-1,1
3,3,1924,1718,7,0
3,3,1924,582,1,0
3,3,1925,1703,7,0
3,3,1927,1355,7,0
3,3,194,271,-1,1
3,3,1943,954,7,0
3,3,1947,1539,-1,1
3,3,1947,327,7,0
3,3,195,140,7,0
3,3,1954,1268,-1,1
3,3,1960,1136,7,1
3,3,1961,234,7,0
3,3,197,742,7,0
3,3,1970,309,7,0
3,3,1973,819,7,0
3,3,1973,820,7,0
3,3,1974,1179,7,0
3,3,1975,127,7,0
3,3,1975,1983,7,0
3,3,1976,1178,7,0
3,3,1976,1242,7,0
3,3,1976,129,-1,1
3,3,1983,544,-1,1
3,3,1984,259,7,0
3,3,1985,2000,7,0
3,3,1986,1144,-1,1
3,3,199,428,7,0
3,3,1992,1920,7,0
3,3,2009,1397,7,0
3,3,2011,146,7,0
3,3,2022,1473,7,0
3,3,2033,642,-1,1
3,3,2038,1072,7,0
3,3,2038,1300,-1,1
3,3,204,1470,7,0
3,3,205,1059,7,0
3,3,205,1063,7,0
3,3,2053,1845,7,0
3,3,2055,88,2,0
3,3,2056,1773,7,0
3,3,2063,792,7,0
3,3,2064,1539,7,0
3,3,2066,1742,7,0
3,3,2066,669,7,0
3,3,2067,1882,7,0
3,3,2073,1854,7,0
3,3,2077,1696,-1,1
3,3,208,550,-1,1
3,3,213,198,7,0
3,3,217,1058,7,0
3,3,217,908,7,0
3,3,217,922,-1,1
3,3,218,131,7,0
3,3,218,1595,2,0
3,3,221,1257,7,0
3,3,221,590,7,0
3,3,223,1068,7,0
3,3,224,1459,7,0
3,3,225,474,-1,1
3,3,225,970,7,0
3,3,226,1267,7,0
3,3,232,1173,7,0
3,3,234,604,7,0
3,3,237,522,7,0
3,3,237,837,-1,1
3,3,268,895,7,0
3,3,271,1262,7,0
3,3,277,1929,7,0
3,3,278,1089,7,0
3,3,284,37,-1,1
3,3,285,613,-1,1
3,3,290,418,7,0
3,3,291,1590,7,0
3,3,291,420,7,0
3,3,293,1589,7,0
3,3,293,456,7,0
3,3,295,1857,7,0
3,3,299,764,-1,1
3,3,307,1332,7,0
3,3,310,568,-1,1
3,3,310,96,7,0
3,3,311,1391,3,0
3,3,311,280,7,0
3,3,313,602,7,0
3,3,314,811,7,0
3,3,319,1352,7,0
3,3,320,1052,7,0
3,3,325,556,7,0
3,3,325,924,7,1
3,3,326,558,7,0
3,3,327,892,7,0
3,3,333,737,7,0
3,3,333,738,7,0
3,3,337,1193,7,0
3,3,338,670,7,0
3,3,339,672,-1,1
3,3,342,576,7,0
3,3,343,1997,7,0
3,3,345,815,7,0
3,3,347,869,7,0
3,3,349,804,7,0
3,3,349,807,7,0
3,3,355,233,7,0
3,3,356,844,7,0
3,3,357,1042,-1,1
3,3,357,429,7,0
3,3,358,613,7,0
3,3,360,1343,7,0
3,3,360,1929,7,0
3,3,362,1022,7,0
3,3,403,756,7,0
3,3,409,514,7,0
3,3,414,772,7,0
3,3,415,426,7,0
3,3,415,429,7,0
3,3,419,466,7,0
3,3,422,1305,7,0
3,3,426,768,7,0
3,3,428,1284,7,0
3,3,428,768,7,0
3,3,429,559,7,0
3,3,429,663,-1,1
3,3,430,591,7,0
3,3,430,594,7,0
3,3,432,151,7,0
3,3,432,153,-1,1
3,3,437,536,7,0
3,3,439,692,7,1
3,3,440,787,-1,1
3,3,441,680,7,0
3,3,443,739,-1,1
3,3,445,1549,-1,1
3,3,447,645,7,0
3,3,449,457,7,0
3,3,450,273,7,0
3,3,451,1794,7,0
3,3,452,1180,7,0
3,3,459,652,7,0
3,3,460,1243,-1,1
3,3,460,835,7,0
3,3,469,255,7,0
3,3,470,1996,7,0
3,3,475,659,7,0
3,3,478,1916,7,0
3,3,478,850,7,0
3,3,481,867,-1,1
3,3,483,1018,-1,1
3,3,483,1995,7,0
3,3,484,119,-1,1
3,3,488,1480,7,0
3,3,489,798,-1,1
3,3,492,1365,7,0
3,3,492,729,7,0
3,3,521,1863,-1,1
3,3,531,976,7,0
3,3,538,937,2,0
3,3,544,892,7,0
3,3,545,1685,7,0
3,3,548,983,7,0
3,3,549,264,-1,1
3,3,549,789,7,0
3,3,553,181,7,0
3,3,554,179,7,0
3,3,568,184,7,0
3,3,578,866,7,0
3,3,579,1701,-1,1
3,3,579,1703,-1,1
3,3,580,1909,7,0
3,3,582,1104,7,0
3,3,582,768,7,0
3,3,582,770,7,0
3,3,598,1973,7,0
3,3,598,1975,7,0
3,3,598,326,0,0
3,3,602,57,-1,1
3,3,605,308,0,0
3,3,609,1137,7,0
3,3,609,387,7,0
3,3,609,421,-1,1
3,3,612,344,7,0
3,3,612,346,-1,1
3,3,617,407,-1,1
3,3,617,409,7,0
3,3,619,1269,7,0
3,3,620,394,-1,1
3,3,620,397,7,0
3,3,626,711,7,0
3,3,636,372,7,0
3,3,639,1902,7,0
3,3,647,449,7,0
3,3,654,289,-1,1
3,3,658,1847,7,0
3,3,665,734,7,0
3,3,669,153,2,0
3,3,673,385,0,0
3,3,674,724,-1,1
3,3,681,1342,-1,1
3,3,683,210,7,0
3,3,685,835,7,0
3,3,688,1990,-1,1
3,3,688,1992,7,0
3,3,693,286,-1,1
3,3,696,375,-1,1
3,3,698,778,7,0
3,3,700,399,0,0
3,3,701,705,7,0
3,3,703,215,7,0
3,3,703,323,-1,1
3,3,709,353,-1,1
3,3,709,427,7,0
3,3,715,713,-1,1
3,3,719,280,0,0
3,3,719,380,-1,1
3,3,722,1811,7,0
3,3,725,1115,-1,1
3,3,730,198,-1,1
3,3,739,303,0,0
3,3,740,578,7,0
3,3,743,37,2,0
3,3,744,849,7,0
3,3,747,386,0,0
3,3,750,964,7,0
3,3,755,258,0,0
3,3,756,258,0,0
3,3,758,1996,7,0
3,3,761,713,7,0
3,3,777,1339,7,0
3,3,779,339,0,0
3,3,781,1992,-1,1
3,3,784,442,3,0
3,3,788,204,7,0
3,3,794,708,7,0
3,3,795,820,7,0
3,3,795,880,7,0
3,3,796,227,-1,1
3,3,796,696,7,0
3,3,799,135,7,0
3,3,800,2005,-1,1
3,3,812,791,7,0
3,3,813,726,7,0
3,3,817,1941,7,0
3,3,818,325,-1,1
3,3,820,105,-1,1
3,3,820,685,7,0
3,3,821,267,7,0
3,3,826,1696,7,0
3,3,830,1902,7,0
3,3,833,937,7,0
3,3,834,506,1,0
3,3,835,1493,7,0
3,3,837,576,7,0
3,3,837,579,7,0
3,3,837,616,7,0
3,3,840,143,7,0
3,3,842,432,7,0
3,3,844,297,-1,1
3,3,855,425,7,0
3,3,856,598,-1,1
3,3,861,1612,-1,1
3,3,867,1833,7,0
3,3,870,1308,7,0
3,3,879,401,-1,1
3,3,882,1871,7,0
3,3,884,471,1,0
3,3,885,1862,7,0
3,3,885,527,-1,1
3,3,889,292,7,0
3,3,89,994,7,0
3,3,898,1553,7,0
3,3,899,1555,7,0
3,3,905,319,-1,1
3,3,907,1680,-1,1
3,3,909,1960,7,0
3,3,911,1980,7,0
3,3,911,643,7,0
3,3,914,1725,7,0
3,3,914,1742,7,0
3,3,914,630,7,0
3,3,915,1706,7,0
3,3,915,628,7,0
3,3,916,1705,7,0
3,3,917,1936,-1,1
3,3,919,1430,7,0
3,3,919,547,7,0
3,3,927,290,7,0
3,3,928,1762,7,0
3,3,928,1831,7,0
3,3,936,1784,7,0
3,3,937,1782,7,0
3,3,939,230,7,0
3,3,942,1259,7,0
3,3,943,1886,-1,1
3,3,948,1615,7,0
3,3,95,1040,7,0
3,3,951,1801,-1,1
3,3,951,904,7,0
3,3,952,1335,7,0
3,3,956,782,4,0
3,3,958,950,-1,1
3,3,958,951,-1,1
3,3,961,524,7,0
3,3,967,588,7,0
3,3,984,629,7,0
3,3,984,649,7,0
3,3,985,1880,7,0
3,3,986,1274,-1,1
3,3,986,1554,-1,1
3,3,986,550,7,0
3,3,99,1178,7,0
3,3,993,1334,7,0
3,3,994,1356,7,0
3,3,997,1209,-1,1
3,3,998,1849,7,0
3,4,100,1125,-1,1
3,4,101,1813,7,0
3,4,1011,1791,-1,1
3,4,1012,1968,7,0
3,4,1015,604,7,0
3,4,1021,1199,-1,1
3,4,1027,1845,7,0
3,4,1035,126,5,0
3,4,104,702,7,0
3,4,1041,1242,7,0
3,4,1042,1893,-1,1
3,4,1045,48,5,0
3,4,1048,740,-1,1
3,4,1049,640,-1,1
3,4,1049,843,-1,1
3,4,1054,824,-1,1
3,4,1068,864,-1,1
3,4,107,1758,7,0
3,4,108,1756,7,0
3,4,1086,1774,7,0
3,4,109,1165,-1,1
3,4,109,1167,-1,1
3,4,1094,1921,-1,1
3,4,1096,33,7,0
3,4,1098,419,7,1
3,4,110,837,7,0
3,4,1100,1434,7,0
3,4,1109,1914,7,0
3,4,1110,1915,7,0
3,4,1120,858,-1,1
3,4,1123,1841,7,0
3,4,1134,1987,-1,1
3,4,114,1927,7,0
3,4,1144,1988,7,0
3,4,120,79,7,0
3,4,1204,865,7,0
3,4,1207,1514,-1,1
3,4,1238,1985,7,0
3,4,1239,1344,7,0
3,4,124,806,7,0
3,4,1264,76,7,0
3,4,1278,956,-1,1
3,4,128,549,-1,1
3,4,1280,958,-1,1
3,4,1289,564,-1,1
3,4,129,1870,7,0
3,4,1299,1214,7,0
3,4,1301,1849,7,0
3,4,1307,1441,7,1
3,4,1311,1807,-1,1
3,4,1312,268,7,0
3,4,1322,1725,7,0
3,4,1322,325,-1,1
3,4,1336,1905,7,0
3,4,134,1149,7,0
3,4,134,1675,7,0
3,4,1342,789,-1,1
3,4,1345,617,-1,1
3,4,1346,1907,-1,1
3,4,1351,639,7,0
3,4,1363,107,-1,1
3,4,1366,479,-1,1
3,4,1386,469,7,0
3,4,1394,632,-1,1
3,4,1402,482,-1,1
3,4,1402,738,-1,1
3,4,141,1923,7,0
3,4,1421,434,1,0
3,4,143,1121,7,0
3,4,144,1108,-1,1
3,4,144,635,-1,1
3,4,1455,1355,7,0
3,4,146,1656,7,0
3,4,146,633,-1,1
3,4,146,635,-1,1
3,4,1464,260,-1,1
3,4,147,1494,7,0
3,4,147,1517,7,0
3,4,147,1905,7,0
3,4,147,546,7,0
3,4,147,577,-1,1
3,4,147,720,7,0
3,4,1471,2012,7,0
3,4,1473,626,7,0
3,4,148,549,7,0
3,4,1491,845,7,0
3,4,150,1886,7,0
3,4,1515,589,7,0
3,4,1525,917,7,0
3,4,1529,1690,-1,1
3,4,1535,1083,7,0
3,4,1542,353,7,0
3,4,1553,515,7,0
3,4,1569,625,-1,1
3,4,159,1904,7,0
3,4,159,708,7,0
3,4,1602,842,-1,1
3,4,1605,804,7,0
3,4,1612,659,7,0
3,4,163,1059,-1,1
3,4,163,609,-1,1
3,4,163,665,-1,1
3,4,1652,415,-1,1
3,4,1657,1852,7,0
3,4,1657,778,-1,1
3,4,1659,321,7,0
3,4,1664,1746,7,0
3,4,1664,660,-1,1
3,4,1677,659,7,0
3,4,1678,628,7,0
3,4,169,681,7,0
3,4,1709,1179,7,0
3,4,1710,1481,-1,1
3,4,1711,936,7,0
3,4,1715,1194,7,0
3,4,1722,423,-1,1
3,4,1725,1559,-1,1
3,4,173,1887,-1,1
3,4,1732,462,-1,1
3,4,175,1655,7,0
3,4,1761,692,7,0
3,4,1765,1895,-1,1
3,4,1777,1165,7,0
3,4,1796,1175,7,0
3,4,1812,752,7,0
3,4,1817,480,7,0
3,4,182,1840,7,0
3,4,183,1456,7,0
3,4,1838,540,7,0
3,4,184,1389,7,0
3,4,1840,761,-1,1
3,4,189,1594,7,0
3,4,1899,973,-1,1
3,4,1913,1090,-1,1
3,4,1935,554,-1,1
3,4,1937,1003,7,0
3,4,1937,822,-1,1
3,4,1943,1578,-1,1
3,4,1948,999,7,0
3,4,1949,1473,-1,1
3,4,1949,1474,7,0
3,4,1952,486,7,0
3,4,1958,849,-1,1
3,4,1979,1620,7,0
3,4,1988,321,-1,1
3,4,1990,473,-1,1
3,4,1992,889,-1,1
3,4,1994,1291,7,0
3,4,1994,1777,7,0
3,4,2027,1095,7,0
3,4,2029,1317,-1,1
3,4,2034,402,7,0
3,4,2037,1061,7,0
3,4,2045,977,7,0
3,4,2045,979,7,0
3,4,2046,1096,-1,1
3,4,2051,770,7,0
3,4,2054,893,7,0
3,4,2060,317,7,0
3,4,2061,193,7,0
3,4,2061,736,7,0
3,4,217,2013,7,0
3,4,222,623,7,0
3,4,223,1361,7,0
3,4,224,845,7,0
3,4,226,1707,7,0
3,4,226,1747,7,0
3,4,227,707,-1,1
3,4,228,1072,-1,1
3,4,236,1748,7,0
3,4,237,1750,7,0
3,4,239,1855,7,0
3,4,240,814,7,0
3,4,243,1103,-1,1
3,4,251,821,7,0
3,4,252,1853,7,0
3,4,269,1930,-1,1
3,4,272,1912,7,0
3,4,272,850,7,0
3,4,276,1197,7,0
3,4,277,138,-1,1
3,4,280,811,7,0
3,4,282,1631,7,0
3,4,284,1395,7,0
3,4,289,593,7,0
3,4,290,485,7,0
3,4,291,959,7,0
3,4,295,1895,7,0
3,4,306,707,7,0
3,4,310,1530,7,0
3,4,311,1789,-1,1
3,4,313,891,7,0
3,4,317,587,7,0
3,4,325,1062,-1,1
3,4,327,1760,7,1
3,4,328,1757,7,0
3,4,329,434,-1,1
3,4,333,1106,-1,1
3,4,337,495,7,0
3,4,337,500,-1,1
3,4,345,1719,7,0
3,4,345,1828,7,0
3,4,345,596,7,0
3,4,357,898,-1,1
3,4,360,2001,7,0
3,4,363,429,-1,1
3,4,363,597,7,0
3,4,375,1355,7,0
3,4,375,1832,7,0
3,4,375,395,-1,1
3,4,378,1595,-1,1
3,4,388,1805,7,0
3,4,391,1491,7,0
3,4,391,1722,7,0
3,4,394,1958,7,0
3,4,395,1889,7,0
3,4,395,446,-1,1
3,4,397,1141,-1,1
3,4,409,361,-1,1
3,4,412,1989,-1,1
3,4,415,471,-1,1
3,4,419,1044,7,0
3,4,431,1957,-1,1
3,4,437,1457,-1,1
3,4,438,2000,7,0
3,4,445,2014,-1,1
3,4,450,1897,7,0
3,4,451,1895,7,0
3,4,454,1949,7,0
3,4,463,1053,7,1
3,4,471,407,-1,1
3,4,504,1838,-1,1
3,4,511,1372,7,0
3,4,521,1832,7,0
3,4,535,1063,6,0
3,4,542,1767,7,0
3,4,543,1864,7,0
3,4,556,1199,-1,1
3,4,561,1476,-1,1
3,4,562,1612,7,0
3,4,565,1794,-1,1
3,4,574,1879,7,0
3,4,576,1681,7,0
3,4,583,853,-1,1
3,4,586,1622,-1,1
3,4,587,1870,7,0
3,4,587,1928,7,0
3,4,588,1090,7,0
3,4,593,1665,7,0
3,4,595,128,7,0
3,4,599,1892,-1,1
3,4,599,702,7,0
3,4,601,1779,7,0
3,4,606,1651,7,0
3,4,612,1609,7,0
3,4,612,1832,7,0
3,4,613,219,7,0
3,4,616,832,-1,1
3,4,622,1710,-1,1
3,4,627,119,7,0
3,4,638,1884,7,0
3,4,638,976,7,0
3,4,640,1805,-1,1
3,4,640,656,-1,1
3,4,645,1216,7,0
3,4,648,1918,-1,1
3,4,650,1462,7,0
3,4,651,1945,7,0
3,4,657,1329,7,0
3,4,661,1743,-1,1
3,4,663,1670,-1,1
3,4,663,1693,-1,1
3,4,664,268,7,0
3,4,673,1925,-1,1
3,4,674,1731,7,0
3,4,675,1905,-1,1
3,4,682,1321,-1,1
3,4,686,1620,-1,1
3,4,688,1204,-1,1
3,4,688,1607,7,0
3,4,688,853,-1,1
3,4,693,1335,7,0
3,4,700,1617,7,0
3,4,712,1507,7,0
3,4,719,1650,7,0
3,4,722,1295,7,0
3,4,722,1577,7,0
3,4,725,334,7,0
3,4,753,1832,7,0
3,4,764,225,7,0
3,4,772,1663,7,0
3,4,777,1562,7,0
3,4,780,1435,7,0
3,4,781,1467,7,0
3,4,811,1883,7,0
3,4,812,397,-1,1
3,4,817,1422,-1,1
3,4,824,1057,7,1
3,4,825,1394,7,0
3,4,825,1669,7,0
3,4,828,1679,7,0
3,4,828,1868,7,0
3,4,829,543,7,0
3,4,833,1850,7,0
3,4,849,930,7,0
3,4,850,1555,-1,1
3,4,851,1858,7,0
3,4,853,1228,-1,1
3,4,856,1758,7,0
3,4,857,1722,-1,1
3,4,866,875,7,0
3,4,871,1192,7,0
3,4,878,1206,7,1
3,4,878,1928,-1,1
3,4,879,1480,-1,1
3,4,89,1061,-1,1
3,4,898,57,7,0
3,4,907,1927,7,0
3,4,907,1928,7,0
3,4,910,1084,-1,1
3,4,911,345,7,0
3,4,915,1934,7,0
3,4,915,459,-1,1
3,4,921,1979,-1,1
3,4,927,1787,7,0
3,4,93,1592,7,0
3,4,936,1786,-1,1
3,4,938,1239,-1,1
3,4,948,2011,7,0
3,4,95,1869,7,1
3,4,95,786,-1,1
3,4,952,658,7,0
3,4,957,1923,7,0
3,4,957,1924,7,0
3,4,959,1903,7,0
3,4,965,1688,7,0
3,4,967,1088,7,0
3,4,97,789,-1,1
3,4,976,1638,7,0
3,4,978,1803,-1,1
3,4,981,444,7,0
3,4,998,1418,7,0
3,4,998,181,-1,1
3,4,998,674,7,0
3,4,999,1989,7,0
4,1,1002,1925,-1,1
4,1,1009,1993,7,0
4,1,1014,1907,7,0
4,1,1014,644,7,0
4,1,1016,1858,7,0
4,1,1026,1331,7,0
4,1,1027,266,-1,1
4,1,1042,1984,7,0
4,1,1042,481,7,0
4,1,1042,483,-1,1
4,1,1044,1721,7,0
4,1,1047,46,-1,1
4,1,105,1477,7,0
4,1,1053,1701,-1,1
4,1,1056,1875,7,0
4,1,1057,842,7,0
4,1,1065,46,7,0
4,1,1077,1674,-1,1
4,1,1081,1603,7,0
4,1,1083,1216,7,0
4,1,1083,1364,7,0
4,1,1087,1304,7,0
4,1,1090,1770,3,0
4,1,1101,1817,7,0
4,1,1122,1609,7,0
4,1,1123,1723,-1,1
4,1,1130,612,-1,1
4,1,1141,1303,7,0
4,1,1145,1360,-1,1
4,1,1149,161,-1,1
4,1,1158,827,2,0
4,1,1159,1774,7,0
4,1,1161,1600,-1,1
4,1,1162,1025,7,0
4,1,1171,926,7,0
4,1,1175,1893,-1,1
4,1,1178,1832,7,0
4,1,1183,1625,4,0
4,1,1184,1589,7,0
4,1,1190,961,7,0
4,1,1193,1172,7,0
4,1,1195,1709,7,0
4,1,1200,1389,7,0
4,1,1202,1952,7,0
4,1,1203,2014,7,0
4,1,1210,904,-1,1
4,1,1212,255,-1,1
4,1,1212,536,2,0
4,1,122,1266,7,0
4,1,1220,1401,-1,1
4,1,1220,1982,-1,1
4,1,1229,1320,7,0
4,1,1232,821,7,0
4,1,1234,821,7,0
4,1,1236,1549,7,0
4,1,1237,122,7,0
4,1,1238,1675,4,0
4,1,1240,284,7,0
4,1,1241,414,7,0
4,1,1244,624,7,0
4,1,1265,944,-1,1
4,1,1269,1484,7,0
4,1,1270,720,7,0
4,1,1282,1846,7,0
4,1,1283,1873,7,0
4,1,1285,1721,7,0
4,1,129,1703,7,0
4,1,1299,351,7,0
4,1,1301,729,7,0
4,1,131,445,7,0
4,1,1310,1559,-1,1
4,1,1313,1466,-1,1
4,1,1313,971,7,0
4,1,1315,918,4,0
4,1,1317,1914,7,0
4,1,1319,843,-1,1
4,1,132,1275,7,0
4,1,1322,1920,7,0
4,1,1330,1915,-1,1
4,1,1331,820,7,0
4,1,1337,65,-1,1
4,1,1339,1563,-1,1
4,1,134,82,-1,1
4,1,1341,1650,-1,1
4,1,1345,1781,-1,1
4,1,135,395,7,0
4,1,1350,1951,7,0
4,1,1359,1932,7,0
4,1,1361,584,7,0
4,1,1372,294,7,0
4,1,1383,1314,-1,1
4,1,1385,1923,7,0
4,1,1391,411,-1,1
4,1,1394,956,7,0
4,1,1395,427,7,1
4,1,1404,1193,7,0
4,1,1405,1497,7,0
4,1,1405,1688,7,0
4,1,1413,1955,7,0
4,1,142,829,7,0
4,1,1421,508,7,0
4,1,1422,418,7,0
4,1,1423,416,7,0
4,1,143,825,7,0
4,1,1430,455,-1,1
4,1,1435,1998,7,0
4,1,1436,1449,7,0
4,1,1442,1866,7,0
4,1,1453,1654,-1,1
4,1,1453,1861,7,0
4,1,1453,1906,7,0
4,1,1461,1443,-1,1
4,1,1461,1883,7,0
4,1,1462,1991,-1,1
4,1,1475,1331,7,0
4,1,1476,230,-1,1
4,1,1477,66,7,0
4,1,1480,1965,7,0
4,1,1481,554,-1,1
4,1,1483,892,7,0
4,1,1485,404,7,0
4,1,1487,493,-1,1
4,1,149,1215,7,0
4,1,1496,97,-1,1
4,1,1497,1445,-1,1
4,1,1497,450,7,0
4,1,1497,462,7,0
4,1,1499,1505,7,1
4,1,150,1635,7,0
4,1,1518,1412,-1,1
4,1,1518,278,-1,1
4,1,1520,1650,7,0
4,1,1521,1989,7,0
4,1,1522,287,-1,1
4,1,1526,1398,7,0
4,1,1527,1468,7,0
4,1,1527,484,7,0
4,1,1528,632,7,0
4,1,1529,1739,7,0
4,1,1529,321,-1,1
4,1,1532,190,3,0
4,1,1536,130,7,0
4,1,1537,1804,7,0
4,1,1539,386,7,0
4,1,1542,930,-1,1
4,1,1544,2007,-1,1
4,1,1545,53,-1,1
4,1,1547,116,7,0
4,1,1548,148,7,0
4,1,1548,1636,7,0
4,1,1549,1363,-1,1
4,1,1549,1469,7,0
4,1,1550,1690,-1,1
4,1,1554,689,7,0
4,1,1555,1510,4,0
4,1,1558,69,7,0
4,1,1561,1786,7,0
4,1,1564,2011,-1,1
4,1,1564,555,6,0
4,1,1565,472,-1,1
4,1,1567,1878,7,0
4,1,1569,859,7,0
4,1,1572,1761,7,0
4,1,1572,367,7,0
4,1,1572,592,7,0
4,1,1575,1614,7,0
4,1,1590,1430,7,0
4,1,1590,682,7,0
4,1,1595,424,-1,1
4,1,1596,871,7,0
4,1,1605,1065,7,0
4,1,1610,371,-1,1
4,1,1613,728,7,0
4,1,162,1576,-1,1
4,1,1622,881,-1,1
4,1,1623,393,7,0
4,1,1624,1343,-1,1
4,1,1625,670,7,0
4,1,1626,920,7,0
4,1,1639,971,-1,1
4,1,1640,172,7,0
4,1,1662,688,-1,1
4,1,1665,262,7,0
4,1,1666,1540,7,0
4,1,1669,865,-1,1
4,1,1670,1320,-1,1
4,1,1673,1663,-1,1
4,1,1673,608,7,0
4,1,1675,1738,7,0
4,1,1678,1682,7,0
4,1,1680,1608,7,0
4,1,1681,614,7,0
4,1,1682,1580,-1,1
4,1,1683,605,-1,1
4,1,1686,1293,7,0
4,1,1689,51,7,0
4,1,1691,36,7,0
4,1,1692,1312,7,0
4,1,1698,1564,-1,1
4,1,1699,1565,-1,1
4,1,1703,1490,7,0
4,1,1706,95,7,0
4,1,1708,1434,7,0
4,1,171,1724,7,0
4,1,1711,1208,7,0
4,1,1713,1267,7,0
4,1,1714,744,-1,1
4,1,1719,1554,-1,1
4,1,1720,1309,7,0
4,1,1721,923,-1,1
4,1,1723,1284,-1,1
4,1,1729,173,7,0
4,1,1731,1697,7,1
4,1,1734,320,7,0
4,1,1736,721,7,0
4,1,1743,1687,7,0
4,1,1750,268,7,0
4,1,1752,764,-1,1
4,1,1758,586,7,0
4,1,1758,760,7,0
4,1,1760,827,7,0
4,1,177,1264,7,0
4,1,177,1632,7,0
4,1,1777,1454,7,0
4,1,1777,744,-1,1
4,1,1779,884,-1,1
4,1,1780,1603,7,0
4,1,1785,794,7,0
4,1,1786,1189,7,0
4,1,1788,347,-1,1
4,1,1790,583,7,0
4,1,1793,40,7,0
4,1,1800,247,7,0
4,1,1802,928,7,0
4,1,1808,1844,-1,1
4,1,1808,206,7,0
4,1,1808,84,7,0
4,1,1809,1631,7,0
4,1,1810,1623,-1,1
4,1,1811,1214,-1,1
4,1,1812,1482,7,0
4,1,1812,41,7,0
4,1,182,453,7,0
4,1,1820,1667,7,0
4,1,1823,1894,7,0
4,1,1827,1768,7,0
4,1,1829,791,7,0
4,1,1832,74,7,0
4,1,1832,914,7,0
4,1,1839,1259,7,0
4,1,1841,1390,7,0
4,1,1842,1399,7,0
4,1,1842,694,7,0
4,1,1849,481,7,0
4,1,185,1808,-1,1
4,1,1853,1395,7,0
4,1,1862,1240,7,0
4,1,1863,1750,-1,1
4,1,187,1256,7,0
4,1,1872,46,-1,1
4,1,1875,1825,-1,1
4,1,188,1303,7,0
4,1,1880,61,1,0
4,1,1882,657,7,0
4,1,1887,1392,-1,1
4,1,1895,1800,7,0
4,1,190,742,7,0
4,1,1906,1312,-1,1
4,1,1908,1333,-1,1
4,1,1910,98,7,0
4,1,1912,1768,7,0
4,1,1913,750,7,0
4,1,1914,1516,7,0
4,1,1922,1602,7,0
4,1,1923,1354,7,0
4,1,1927,213,7,0
4,1,193,1861,7,0
4,1,1931,1897,7,0
4,1,1932,629,-1,1
4,1,1936,265,-1,1
4,1,1944,107,7,0
4,1,1944,1554,-1,1
4,1,1944,1557,7,0
4,1,1944,1748,-1,1
4,1,1945,1433,7,0
4,1,1947,1322,7,0
4,1,1952,1742,-1,1
4,1,1954,1221,7,0
4,1,1954,1222,7,0
4,1,198,390,7,0
4,1,198,877,7,0
4,1,1980,798,7,0
4,1,1984,1376,7,0
4,1,2004,800,-1,1
4,1,2008,1518,-1,1
4,1,2009,1375,-1,1
4,1,2012,705,-1,1
4,1,2013,932,-1,1
4,1,2021,1769,-1,1
4,1,2028,1408,7,0
4,1,2028,1411,7,0
4,1,2029,1325,7,0
4,1,203,1406,7,0
4,1,203,1408,7,0
4,1,2033,1509,-1,1
4,1,2038,869,7,0
4,1,2040,1413,7,0
4,1,2048,1575,-1,1
4,1,2053,1555,7,0
4,1,2053,171,7,0
4,1,2056,784,7,0
4,1,2068,1283,7,0
4,1,2068,679,7,0
4,1,2069,88,7,0
4,1,2071,1001,-1,1
4,1,210,900,7,0
4,1,211,665,7,0
4,1,215,1748,-1,1
4,1,218,1842,7,0
4,1,219,1209,-1,1
4,1,219,1211,7,0
4,1,220,1153,7,0
4,1,220,1401,7,0
4,1,226,491,7,0
4,1,229,1767,7,1
4,1,230,901,7,0
4,1,231,899,7,0
4,1,240,320,-1,1
4,1,256,1251,7,0
4,1,269,1055,7,0
4,1,272,1301,7,0
4,1,278,1397,7,0
4,1,282,819,7,0
4,1,283,1448,-1,1
4,1,283,1452,7,0
4,1,290,1289,7,0
4,1,291,1569,7,0
4,1,293,392,7,0
4,1,294,390,7,0
4,1,296,1337,7,0
4,1,296,1342,-1,1
4,1,300,1383,7,0
4,1,314,1643,7,0
4,1,320,574,-1,1
4,1,323,1286,7,0
4,1,325,479,7,0
4,1,326,617,-1,1
4,1,327,930,7,0
4,1,328,1214,7,0
4,1,341,1375,7,0
4,1,348,1274,7,0
4,1,349,1994,7,0
4,1,353,1063,7,0
4,1,353,1289,7,1
4,1,367,2001,7,0
4,1,387,1318,7,0
4,1,387,1320,7,0
4,1,391,937,7,0
4,1,399,1412,7,0
4,1,405,966,7,0
4,1,410,1479,7,0
4,1,413,795,-1,1
4,1,414,1368,7,0
4,1,425,1232,7,1
4,1,429,1355,-1,1
4,1,433,1684,7,0
4,1,449,762,-1,1
4,1,450,1028,7,0
4,1,451,207,-1,1
4,1,453,1979,-1,1
4,1,453,1980,7,0
4,1,454,783,7,0
4,1,468,169,-1,1
4,1,473,962,7,0
4,1,480,747,7,0
4,1,485,246,7,0
4,1,486,983,7,0
4,1,490,1210,7,0
4,1,498,80,-1,1
4,1,509,763,-1,1
4,1,513,608,-1,1
4,1,523,400,7,0
4,1,552,158,-1,1
4,1,561,1247,7,0
4,1,565,765,7,0
4,1,574,534,-1,1
4,1,581,740,-1,1
4,1,587,685,7,0
4,1,587,726,7,0
4,1,600,898,7,0
4,1,602,1672,7,0
4,1,608,1352,-1,1
4,1,609,1196,-1,1
4,1,609,1399,7,0
4,1,610,1184,7,0
4,1,610,1538,3,0
4,1,614,1230,-1,1
4,1,615,326,7,0
4,1,621,235,7,0
4,1,626,827,7,0
4,1,637,810,7,0
4,1,649,1399,-1,1
4,1,653,1806,7,0
4,1,669,540,7,0
4,1,672,940,7,0
4,1,676,1988,7,0
4,1,689,2016,7,0
4,1,693,1991,7,0
4,1,697,1519,7,0
4,1,717,1448,7,0
4,1,726,1905,7,0
4,1,731,1773,7,0
4,1,731,1774,-1,1
4,1,735,921,7,0
4,1,740,951,-1,1
4,1,740,953,-1,1
4,1,742,932,7,0
4,1,753,1200,7,0
4,1,761,64,-1,1
4,1,763,1196,-1,1
4,1,770,1314,-1,1
4,1,772,48,-1,1
4,1,779,1245,7,0
4,1,779,843,7,0
4,1,785,1826,7,0
4,1,788,1548,7,0
4,1,790,1995,7,0
4,1,807,199,7,0
4,1,808,1859,7,0
4,1,809,1604,7,0
4,1,810,599,7,0
4,1,810,922,7,0
4,1,814,948,7,0
4,1,816,559,-1,1
4,1,817,1646,7,0
4,1,824,1289,-1,1
4,1,827,1972,7,0
4,1,828,765,7,0
4,1,833,1941,7,0
4,1,838,1422,7,0
4,1,839,1995,7,0
4,1,839,579,7,0
4,1,857,1949,7,0
4,1,860,296,7,0
4,1,864,1994,7,0
4,1,869,1969,7,0
4,1,872,347,7,0
4,1,873,1284,-1,1
4,1,874,1472,-1,1
4,1,879,1434,7,0
4,1,895,1698,7,0
4,1,911,1562,7,0
4,1,912,1741,7,0
4,1,919,1202,7,0
4,1,927,187,7,0
4,1,929,1464,-1,1
4,1,932,1729,7,0
4,1,935,1764,7,0
4,1,939,402,7,0
4,1,942,1920,7,0
4,1,945,676,7,0
4,1,946,1882,7,1
4,1,946,1931,7,0
4,1,959,613,-1,1
4,1,962,1872,7,0
4,1,962,1875,7,0
4,1,966,1851,7,0
4,1,966,1889,7,0
4,1,966,401,7,0
4,1,968,1291,7,0
4,1,972,1405,7,0
4,1,982,1338,7,0
4,1,985,284,-1,1
4,1,987,1943,7,0
4,1,991,963,7,0
4,1,993,662,7,0
4,1,994,1723,7,0
4,2,100,366,-1,1
4,2,1005,574,-1,1
4,2,101,1352,-1,1
4,2,1018,1411,7,0
4,2,1018,274,7,0
4,2,102,1194,-1,1
4,2,1022,447,7,0
4,2,1023,1122,7,0
4,2,1025,1673,7,0
4,2,103,430,7,0
4,2,1030,1358,7,0
4,2,1044,1134,1,0
4,2,1051,62,7,0
4,2,1051,927,-1,1
4,2,1054,691,7,0
4,2,1068,280,7,0
4,2,1069,976,-1,1
4,2,1072,708,-1,1
4,2,1077,600,-1,1
4,2,1081,745,-1,1
4,2,1093,1182,7,0
4,2,1096,1647,7,0
4,2,1097,601,-1,1
4,2,1113,963,-1,1
4,2,1118,931,7,0
4,2,1124,1401,-1,1
4,2,1129,948,7,0
4,2,1131,598,5,0
4,2,1131,982,7,0
4,2,1131,984,7,0
4,2,1144,1845,7,0
4,2,1144,581,-1,1
4,2,1153,1526,7,0
4,2,1156,915,7,0
4,2,116,1077,-1,1
4,2,116,1230,7,0
4,2,116,846,7,0
4,2,1163,1660,7,0
4,2,1164,1213,4,0
4,2,1164,1216,7,0
4,2,1166,449,7,0
4,2,1167,1033,7,0
4,2,1167,52,7,0
4,2,117,1104,-1,1
4,2,1171,648,7,0
4,2,1175,1408,7,0
4,2,1177,1496,7,0
4,2,1178,523,-1,1
4,2,1189,1962,-1,1
4,2,1191,95,7,0
4,2,120,1213,-1,1
4,2,1200,209,7,0
4,2,1200,211,7,0
4,2,1201,1514,-1,1
4,2,1201,776,-1,1
4,2,1203,1126,7,0
4,2,1203,1782,7,0
4,2,1204,1538,-1,1
4,2,121,75,7,0
4,2,1213,1373,7,1
4,2,1221,1399,-1,1
4,2,1221,1869,-1,1
4,2,1223,867,7,0
4,2,1225,1692,7,0
4,2,1229,1162,7,0
4,2,1230,1782,-1,1
4,2,1234,1021,7,1
4,2,1238,408,7,0
4,2,1242,1086,7,0
4,2,1261,630,7,1
4,2,1265,1367,-1,1
4,2,1267,1815,-1,1
4,2,1267,587,7,1
4,2,1268,1921,7,0
4,2,1271,1757,7,0
4,2,1275,923,-1,1
4,2,1277,1217,-1,1
4,2,128,1461,-1,1
4,2,1280,1699,7,0
4,2,1285,1782,7,0
4,2,1293,1048,7,0
4,2,130,788,-1,1
4,2,1301,793,7,0
4,2,1304,1948,7,0
4,2,1305,479,-1,1
4,2,1305,486,-1,1
4,2,1305,823,-1,1
4,2,131,1133,-1,1
4,2,1316,685,7,1
4,2,1318,1779,7,0
4,2,1320,1480,7,0
4,2,1327,927,7,0
4,2,1329,2006,-1,1
4,2,1330,985,-1,1
4,2,1334,704,7,0
4,2,1344,1843,7,1
4,2,1344,750,7,0
4,2,1346,1619,7,0
4,2,1346,168,7,0
4,2,1347,1465,7,0
4,2,1347,1993,-1,1
4,2,1349,1753,7,0
4,2,1351,993,-1,1
4,2,1351,998,7,0
4,2,1352,1917,7,0
4,2,137,237,-1,1
4,2,1371,564,7,0
4,2,1371,695,7,1
4,2,1371,697,-1,1
4,2,1374,1629,7,0
4,2,1377,1866,7,0
4,2,1384,1749,7,0
4,2,1387,1800,7,0
4,2,1389,1938,7,0
4,2,139,1332,7,0
4,2,1396,928,7,0
4,2,1397,1897,7,0
4,2,1397,973,7,0
4,2,1399,1020,-1,1
4,2,140,219,7,0
4,2,1403,835,7,0
4,2,1403,837,7,0
4,2,1404,751,-1,1
4,2,1408,41,7,1
4,2,141,1088,7,0
4,2,141,1097,7,0
4,2,1412,1752,7,0
4,2,1412,891,7,1
4,2,1413,531,1,0
4,2,1413,995,-1,1
4,2,1416,867,7,0
4,2,1418,1163,-1,1
4,2,1418,1485,7,0
4,2,1418,750,7,0
4,2,142,625,7,0
4,2,1421,307,7,0
4,2,1422,954,-1,1
4,2,1423,493,-1,1
4,2,1427,534,7,0
4,2,143,1139,-1,1
4,2,1432,1332,7,0
4,2,1434,1220,7,0
4,2,1437,918,7,0
4,2,1441,1501,-1,1
4,2,1444,1795,7,0
4,2,1446,141,7,1
4,2,1447,1397,7,0
4,2,1447,867,7,0
4,2,1461,448,-1,1
4,2,1465,1872,-1,1
4,2,1467,224,-1,1
4,2,1468,1914,7,0
4,2,1470,1707,-1,1
4,2,1471,714,-1,1
4,2,1475,1588,-1,1
4,2,1479,1007,7,0
4,2,1479,1161,7,0
4,2,148,1191,-1,1
4,2,1485,1725,7,0
4,2,1485,632,7,0
4,2,1486,36,7,1
4,2,1488,465,7,0
4,2,1489,1092,7,0
4,2,1493,1925,7,0
4,2,1493,944,7,0
4,2,150,1121,7,0
4,2,1503,741,7,0
4,2,1504,741,7,0
4,2,1505,1336,7,0
4,2,1505,1377,7,0
4,2,1510,1371,-1,1
4,2,1510,163,-1,1
4,2,1512,1911,7,0
4,2,1512,1914,7,0
4,2,1515,1141,7,1
4,2,1516,1409,7,0
4,2,1518,1202,-1,1
4,2,1519,1937,-1,1
4,2,1520,1569,7,0
4,2,1521,916,7,1
4,2,1523,583,-1,1
4,2,1524,1448,-1,1
4,2,1532,1660,-1,1
4,2,1532,1991,7,0
4,2,1535,1750,-1,1
4,2,1536,1682,7,0
4,2,1537,1281,7,0
4,2,1539,198,7,0
4,2,1540,1623,7,0
4,2,1542,1637,7,0
4,2,1542,1831,7,0
4,2,1544,1617,7,0
4,2,1544,668,-1,1
4,2,1546,1929,-1,1
4,2,1548,1581,-1,1
4,2,1551,1056,-1,1
4,2,1552,273,7,0
4,2,1553,1637,7,0
4,2,1557,1435,7,0
4,2,1559,65,7,0
4,2,156,293,1,0
4,2,1560,743,7,0
4,2,1562,467,7,0
4,2,1564,182,7,0
4,2,1567,207,-1,1
4,2,1569,1415,7,0
4,2,1569,167,7,1
4,2,1569,639,-1,1
4,2,157,1131,7,0
4,2,1570,1915,7,0
4,2,1570,87,7,0
4,2,1572,1923,7,0
4,2,1574,726,7,0
4,2,1575,1614,7,0
4,2,158,1290,7,0
4,2,1582,1245,7,0
4,2,1587,1589,7,0
4,2,1590,36,-1,1
4,2,1603,1011,7,0
4,2,1606,1822,-1,1
4,2,161,1089,-1,1
4,2,1610,127,1,0
4,2,1612,1208,-1,1
4,2,1619,83,7,0
4,2,1619,87,7,0
4,2,1619,927,7,0
4,2,162,313,-1,1
4,2,1623,383,-1,1
4,2,1626,1011,7,0
4,2,1628,1378,-1,1
4,2,163,837,-1,1
4,2,1630,1154,-1,1
4,2,1633,1181,7,0
4,2,1636,611,1,0
4,2,1638,582,1,0
4,2,1644,1106,7,0
4,2,1647,996,-1,1
4,2,1648,1193,3,0
4,2,165,1089,7,0
4,2,1650,1407,7,0
4,2,1652,923,7,0
4,2,1656,703,7,0
4,2,1657,705,7,0
4,2,1660,1134,7,0
4,2,1666,571,7,0
4,2,1668,36,7,0
4,2,1669,1212,7,0
4,2,1669,1214,7,0
4,2,1673,685,7,0
4,2,1675,463,7,0
4,2,1680,49,7,1
4,2,1683,1317,-1,1
4,2,1686,249,7,0
4,2,1689,229,7,0
4,2,1695,1612,-1,1
4,2,1695,89,-1,1
4,2,1697,1121,-1,1
4,2,170,842,-1,1
4,2,1713,928,7,0
4,2,1714,437,7,0
4,2,1716,236,7,0
4,2,1718,839,7,0
4,2,1720,1139,7,0
4,2,1720,947,7,0
4,2,1722,117,7,0
4,2,1728,47,-1,1
4,2,1729,1545,7,0
4,2,1729,638,7,0
4,2,1729,640,-1,1
4,2,1730,745,7,0
4,2,1731,33,7,0
4,2,1732,821,7,0
4,2,1733,1150,7,0
4,2,1734,466,7,0
4,2,1735,568,7,0
4,2,1740,1563,-1,1
4,2,1742,218,7,1
4,2,1742,673,-1,1
4,2,1744,73,7,1
4,2,1745,420,-1,1
4,2,1747,949,7,0
4,2,1750,948,7,0
4,2,1751,962,7,1
4,2,1752,966,-1,1
4,2,1753,1128,7,0
4,2,1753,1130,-1,1
4,2,1755,626,7,0
4,2,1756,628,7,0
4,2,1757,1271,7,0
4,2,1758,613,7,0
4,2,1759,615,7,0
4,2,1760,1156,7,1
4,2,1760,390,7,0
4,2,1760,846,7,0
4,2,1764,1195,7,0
4,2,1766,711,7,0
4,2,1777,1535,1,0
4,2,1778,816,2,0
4,2,178,1214,7,0
4,2,1780,1202,7,0
4,2,1782,856,7,0
4,2,1783,858,7,0
4,2,1783,860,7,0
4,2,1784,610,-1,1
4,2,1785,1128,7,0
4,2,1787,1216,-1,1
4,2,1787,786,7,0
4,2,1788,788,7,0
4,2,1791,753,7,1
4,2,1792,751,-1,1
4,2,1792,793,-1,1
4,2,1795,1062,-1,1
4,2,1795,1064,7,0
4,2,1795,1066,-1,1
4,2,1805,1576,-1,1
4,2,1808,810,7,0
4,2,1811,1227,7,0
4,2,1811,837,7,0
4,2,1812,1202,7,0
4,2,1812,1204,7,0
4,2,1815,1314,7,0
4,2,1815,627,7,0
4,2,1816,629,7,0
4,2,1816,727,7,0
4,2,1817,1320,7,0
4,2,1820,1765,-1,1
4,2,1820,772,-1,1
4,2,1822,463,7,0
4,2,1826,250,7,0
4,2,1826,971,7,0
4,2,1828,347,-1,1
4,2,1828,874,-1,1
4,2,1829,840,7,0
4,2,1830,1209,7,0
4,2,1830,842,7,0
4,2,1831,1211,-1,1
4,2,1832,59,-1,1
4,2,1836,1037,7,0
4,2,1837,1090,-1,1
4,2,1838,1092,7,0
4,2,1838,114,7,1
4,2,1841,867,7,0
4,2,1841,869,7,0
4,2,1842,1153,7,0
4,2,1842,56,7,0
4,2,1843,1155,3,0
4,2,1843,933,7,0
4,2,1844,779,7,0
4,2,1845,781,7,0
4,2,1847,513,-1,1
4,2,1851,870,7,0
4,2,1852,300,7,0
4,2,1854,997,-1,1
4,2,1855,490,7,1
4,2,1855,646,7,1
4,2,1856,844,7,0
4,2,1859,426,7,0
4,2,1860,766,7,1
4,2,1861,736,7,0
4,2,1861,738,7,0
4,2,1863,484,7,0
4,2,1864,1210,7,0
4,2,1865,1571,-1,1
4,2,1871,595,-1,1
4,2,1874,364,-1,1
4,2,1876,1114,7,0
4,2,1876,215,-1,1
4,2,1880,402,7,1
4,2,1882,1039,7,0
4,2,1883,925,7,0
4,2,1885,880,7,0
4,2,1889,1998,-1,1
4,2,1890,1517,7,0
4,2,1890,812,-1,1
4,2,1890,814,7,1
4,2,1892,668,-1,1
4,2,1893,1109,7,0
4,2,1893,672,7,0
4,2,1902,1233,7,1
4,2,1904,1162,-1,1
4,2,1904,999,7,1
4,2,1905,997,-1,1
4,2,1906,268,7,1
4,2,1906,518,7,0
4,2,1908,419,7,0
4,2,1911,110,7,1
4,2,1913,486,7,0
4,2,1914,932,-1,1
4,2,1914,935,-1,1
4,2,1924,1283,2,0
4,2,1928,115,7,0
4,2,1931,1092,-1,1
4,2,1931,1095,7,0
4,2,1932,441,7,0
4,2,1933,721,7,0
4,2,1933,723,7,0
4,2,1934,991,7,0
4,2,1937,1305,7,0
4,2,1937,344,-1,1
4,2,1945,640,7,0
4,2,1950,1189,7,1
4,2,1950,1191,-1,1
4,2,1950,1193,-1,1
4,2,1950,839,7,0
4,2,1951,880,7,0
4,2,1954,1554,-1,1
4,2,1954,406,7,0
4,2,1954,638,7,1
4,2,1955,1000,7,0
4,2,1955,1002,-1,1
4,2,1955,52,7,0
4,2,1956,1642,-1,1
4,2,1957,936,-1,1
4,2,1958,1924,-1,1
4,2,1958,1965,-1,1
4,2,1960,810,7,0
4,2,1961,1010,7,0
4,2,1961,1012,7,0
4,2,1962,1088,7,0
4,2,1962,1089,7,0
4,2,1962,478,7,1
4,2,1968,1591,7,0
4,2,1968,507,7,0
4,2,1972,626,-1,1
4,2,1972,632,7,1
4,2,1973,1269,7,0
4,2,1974,731,-1,1
4,2,1975,1001,-1,1
4,2,1975,972,7,0
4,2,1977,1158,7,0
4,2,1977,777,-1,1
4,2,1978,833,7,0
4,2,1979,835,7,0
4,2,1980,1238,7,0
4,2,1981,905,7,0
4,2,1987,750,7,0
4,2,1987,762,7,0
4,2,1992,989,7,0
4,2,1993,970,7,0
4,2,1994,972,7,0
4,2,1998,1125,7,0
4,2,2000,248,7,0
4,2,2002,1194,7,0
4,2,2005,501,7,0
4,2,2007,1005,7,0
4,2,2007,1007,7,0
4,2,2008,996,7,0
4,2,201,1169,7,0
4,2,201,879,3,0
4,2,2010,1638,7,0
4,2,2012,1123,7,0
4,2,2014,326,-1,1
4,2,2014,461,7,0
4,2,2014,507,7,0
4,2,2014,736,-1,1
4,2,2019,614,7,1
4,2,2025,453,-1,1
4,2,2026,1413,7,0
4,2,2030,878,-1,1
4,2,2032,898,7,0
4,2,2032,900,7,0
4,2,2035,918,7,0
4,2,2036,458,-1,1
4,2,2037,420,-1,1
4,2,2037,451,7,0
4,2,2038,1663,4,0
4,2,2038,480,7,0
4,2,2039,513,7,1
4,2,2040,516,-1,1
4,2,2040,517,7,0
4,2,2040,696,-1,1
4,2,2042,1159,4,0
4,2,2042,1676,-1,1
4,2,2042,322,7,1
4,2,2042,697,7,0
4,2,2043,1302,7,0
4,2,2044,857,7,0
4,2,2044,955,7,0
4,2,2045,957,7,0
4,2,2047,1630,7,0
4,2,2048,1077,7,0
4,2,2049,973,7,0
4,2,2050,170,7,0
4,2,2051,1248,7,0
4,2,2051,777,7,0
4,2,2054,1340,7,0
4,2,2054,823,7,0
4,2,2057,1193,7,0
4,2,2057,1224,7,0
4,2,2060,1396,7,0
4,2,2061,1167,7,0
4,2,2065,1679,7,0
4,2,2065,492,7,0
4,2,2065,493,3,0
4,2,2066,1443,7,0
4,2,2067,873,7,0
4,2,207,311,7,0
4,2,2070,701,7,0
4,2,2074,945,7,0
4,2,2075,930,-1,1
4,2,212,1275,7,0
4,2,215,233,7,0
4,2,217,239,-1,1
4,2,217,304,7,0
4,2,218,241,7,0
4,2,220,716,7,0
4,2,222,1114,-1,1
4,2,227,1225,-1,1
4,2,231,1096,-1,1
4,2,232,1056,7,0
4,2,245,1142,7,0
4,2,250,1115,7,0
4,2,259,1171,7,0
4,2,259,744,-1,1
4,2,260,356,7,0
4,2,264,126,7,0
4,2,269,529,-1,1
4,2,273,315,7,0
4,2,277,582,7,0
4,2,280,1047,7,0
4,2,281,1129,-1,1
4,2,282,1478,7,0
4,2,290,112,-1,1
4,2,290,462,7,0
4,2,292,464,7,0
4,2,293,1075,7,0
4,2,297,1014,-1,1
4,2,302,1044,7,0
4,2,307,1410,7,0
4,2,316,149,7,0
4,2,319,33,7,0
4,2,320,1060,7,0
4,2,326,1053,7,0
4,2,328,346,7,0
4,2,329,1042,7,0
4,2,342,59,7,0
4,2,343,407,7,0
4,2,343,409,7,0
4,2,352,1082,7,0
4,2,355,1009,-1,1
4,2,355,405,7,0
4,2,357,898,-1,1
4,2,359,617,7,0
4,2,360,101,7,0
4,2,360,294,7,0
4,2,361,1284,7,0
4,2,363,1182,-1,1
4,2,368,1138,-1,1
4,2,371,401,7,0
4,2,376,1209,-1,1
4,2,386,1466,7,0
4,2,388,1443,7,0
4,2,390,45,7,0
4,2,393,1069,7,0
4,2,393,1352,-1,1
4,2,411,1063,7,0
4,2,416,179,7,0
4,2,420,1248,-1,1
4,2,420,641,7,0
4,2,431,35,7,0
4,2,442,295,1,0
4,2,453,605,-1,1
4,2,455,246,7,0
4,2,455,272,-1,1
4,2,458,1455,7,0
4,2,484,1178,7,0
4,2,487,1344,7,0
4,2,490,914,-1,1
4,2,498,1243,7,0
4,2,516,1125,7,0
4,2,518,1167,-1,1
4,2,521,792,7,0
4,2,525,256,7,0
4,2,544,171,-1,1
4,2,580,1381,7,0
4,2,583,1014,7,0
4,2,584,910,7,0
4,2,587,1239,7,0
4,2,589,1437,-1,1
4,2,592,976,7,0
4,2,606,910,-1,1
4,2,610,1394,7,0
4,2,617,847,7,0
4,2,618,900,-1,1
4,2,621,917,7,0
4,2,621,950,-1,1
4,2,628,865,-1,1
4,2,632,810,-1,1
4,2,637,971,-1,1
4,2,638,155,-1,1
4,2,644,1299,-1,1
4,2,646,883,7,0
4,2,654,396,7,0
4,2,657,123,-1,1
4,2,658,153,7,0
4,2,670,184,7,0
4,2,675,117,7,0
4,2,689,750,7,0
4,2,691,941,-1,1
4,2,691,945,7,0
4,2,692,1167,7,0
4,2,693,1294,7,0
4,2,695,538,-1,1
4,2,702,1081,7,0
4,2,703,934,-1,1
4,2,713,780,7,0
4,2,720,695,7,0
4,2,720,879,7,0
4,2,724,277,7,0
4,2,739,1131,7,0
4,2,739,1458,7,0
4,2,749,940,7,0
4,2,754,827,-1,1
4,2,765,1006,-1,1
4,2,767,64,7,0
4,2,770,788,7,0
4,2,776,1208,7,0
4,2,783,1117,7,0
4,2,786,1177,7,0
4,2,790,1432,-1,1
4,2,792,49,7,0
4,2,799,220,7,0
4,2,809,1340,-1,1
4,2,809,476,7,0
4,2,813,1050,7,0
4,2,819,989,-1,1
4,2,826,1283,7,0
4,2,826,52,-1,1
4,2,829,1492,7,0
4,2,833,612,1,0
4,2,852,872,7,0
4,2,855,209,-1,1
4,2,858,1124,7,0
4,2,858,407,7,0
4,2,862,403,-1,1
4,2,864,1370,7,0
4,2,865,942,-1,1
4,2,868,609,7,0
4,2,868,614,7,1
4,2,868,616,7,1
4,2,872,251,7,0
4,2,874,818,7,0
4,2,875,701,7,0
4,2,875,705,7,0
4,2,929,347,-1,1
4,2,932,1213,7,0
4,2,939,36,-1,1
4,2,939,887,-1,1
4,2,940,1435,7,0
4,2,950,1062,7,0
4,2,959,915,-1,1
4,2,961,1154,7,0
4,2,963,718,7,0
4,2,964,172,7,0
4,2,968,576,7,0
4,2,97,1164,-1,1
4,2,971,1148,7,0
4,2,972,234,-1,1
4,2,973,424,-1,1
4,2,973,432,-1,1
4,2,995,301,7,0
4,3,1004,127,7,0
4,3,1004,381,-1,1
4,3,1007,370,3,0
4,3,1015,205,7,0
4,3,1017,156,7,0
4,3,1025,359,7,0
4,3,1027,131,7,0
4,3,104,1367,7,0
4,3,106,1460,7,0
4,3,107,889,7,0
4,3,109,1730,-1,1
4,3,1113,56,7,0
4,3,113,1344,7,0
4,3,113,1590,7,0
4,3,1141,909,7,0
4,3,1159,235,7,0
4,3,117,704,7,0
4,3,118,564,7,0
4,3,118,949,7,0
4,3,1181,71,7,0
4,3,1187,196,7,0
4,3,1208,729,-1,1
4,3,121,1214,7,0
4,3,124,858,7,0
4,3,126,1036,7,0
4,3,1263,112,7,0
4,3,128,1361,-1,1
4,3,128,707,-1,1
4,3,131,1246,7,0
4,3,131,1442,7,0
4,3,131,1444,7,0
4,3,132,877,-1,1
4,3,133,1506,7,0
4,3,1367,318,7,0
4,3,1377,93,-1,1
4,3,1387,375,7,0
4,3,1393,306,7,0
4,3,140,1365,7,0
4,3,140,1466,7,0
4,3,141,1192,7,0
4,3,1411,479,7,0
4,3,142,1191,7,0
4,3,142,926,-1,1
4,3,1426,172,7,0
4,3,1433,257,7,0
4,3,149,1018,7,0
4,3,150,821,7,0
4,3,150,976,7,0
4,3,151,822,7,0
4,3,1524,407,7,0
4,3,154,1225,7,0
4,3,154,1650,-1,1
4,3,157,1154,7,0
4,3,157,1225,-1,1
4,3,157,135,7,0
4,3,159,778,7,0
4,3,1593,412,7,0
4,3,163,1549,-1,1
4,3,170,1032,7,0
4,3,170,1036,-1,1
4,3,171,1034,7,0
4,3,172,1183,-1,1
4,3,173,1012,-1,1
4,3,173,737,7,0
4,3,1733,53,-1,1
4,3,1736,41,7,0
4,3,174,1010,-1,1
4,3,176,799,7,0
4,3,178,1942,7,0
4,3,178,756,-1,1
4,3,178,958,-1,1
4,3,181,1170,-1,1
4,3,182,1172,7,0
4,3,182,376,7,0
4,3,183,628,7,0
4,3,186,770,3,0
4,3,1860,44,7,0
4,3,187,1485,7,0
4,3,187,865,7,1
4,3,188,563,7,0
4,3,1908,379,-1,1
4,3,193,1186,7,0
4,3,195,1586,7,0
4,3,197,1460,7,0
4,3,1973,265,-1,1
4,3,1978,307,-1,1
4,3,1982,136,7,0
4,3,200,1952,-1,1
4,3,202,1420,7,0
4,3,2025,69,7,0
4,3,205,631,-1,1
4,3,2061,165,7,0
4,3,2065,319,7,0
4,3,2065,80,7,0
4,3,207,1249,-1,1
4,3,207,796,-1,1
4,3,208,894,7,0
4,3,2083,131,7,0
4,3,211,1371,7,0
4,3,211,1373,7,0
4,3,211,903,7,0
4,3,211,943,7,0
4,3,211,945,-1,1
4,3,212,1846,-1,1
4,3,212,96,7,0
4,3,213,94,7,0
4,3,215,838,7,0
4,3,218,358,7,0
4,3,222,997,7,0
4,3,234,628,7,0
4,3,237,1072,-1,1
4,3,237,932,-1,1
4,3,238,932,7,0
4,3,241,918,7,0
4,3,244,1895,-1,1
4,3,246,904,-1,1
4,3,247,902,7,0
4,3,250,765,-1,1
4,3,260,884,-1,1
4,3,262,571,7,0
4,3,264,1012,7,0
4,3,264,903,7,0
4,3,265,901,-1,1
4,3,268,919,7,0
4,3,269,917,7,0
4,3,272,1018,7,0
4,3,272,943,7,0
4,3,273,941,7,0
4,3,285,1974,-1,1
4,3,285,1976,-1,1
4,3,285,767,7,0
4,3,287,1555,7,0
4,3,287,695,-1,1
4,3,290,1680,7,0
4,3,290,551,7,0
4,3,291,622,7,0
4,3,292,1094,7,0
4,3,295,1242,7,0
4,3,304,855,7,0
4,3,307,959,7,0
4,3,313,1575,7,0
4,3,314,1543,7,0
4,3,314,1545,7,0
4,3,315,212,4,0
4,3,316,1457,-1,1
4,3,322,942,7,0
4,3,325,1261,7,0
4,3,325,1263,7,0
4,3,326,624,-1,1
4,3,327,587,7,0
4,3,328,1019,7,0
4,3,330,1598,7,0
4,3,333,223,7,0
4,3,337,1019,7,0
4,3,338,201,-1,1
4,3,339,970,7,0
4,3,340,1138,7,0
4,3,340,1142,7,0
4,3,346,2000,7,0
4,3,349,413,7,0
4,3,349,641,7,0
4,3,350,1324,7,0
4,3,350,370,7,0
4,3,350,894,7,0
4,3,353,1531,7,0
4,3,356,689,7,0
4,3,357,1384,-1,1
4,3,358,1522,7,0
4,3,370,947,7,0
4,3,374,1689,7,0
4,3,379,1130,7,0
4,3,384,723,7,0
4,3,385,721,7,0
4,3,386,1459,7,0
4,3,390,802,7,0
4,3,391,800,7,0
4,3,394,157,7,0
4,3,396,2001,7,0
4,3,401,756,-1,1
4,3,402,754,-1,1
4,3,409,297,7,0
4,3,412,172,7,0
4,3,416,1046,7,1
4,3,417,1212,-1,1
4,3,418,182,2,0
4,3,418,954,7,0
4,3,419,676,7,0
4,3,420,1642,7,0
4,3,421,813,-1,1
4,3,425,758,3,0
4,3,426,103,7,0
4,3,428,1442,7,0
4,3,430,102,-1,1
4,3,433,860,7,0
4,3,434,1858,7,0
4,3,434,906,7,0
4,3,435,808,7,0
4,3,436,1808,7,0
4,3,437,1811,7,0
4,3,444,1256,7,0
4,3,445,1165,7,0
4,3,446,1094,-1,1
4,3,446,579,7,0
4,3,447,854,7,0
4,3,448,1804,7,0
4,3,448,1806,7,0
4,3,450,875,7,0
4,3,452,876,7,0
4,3,458,795,7,0
4,3,463,869,7,0
4,3,463,926,7,0
4,3,464,928,-1,1
4,3,471,1836,7,0
4,3,472,347,7,0
4,3,472,688,-1,1
4,3,473,1809,7,0
4,3,473,1813,7,0
4,3,473,345,7,0
4,3,474,856,-1,1
4,3,477,139,7,0
4,3,479,449,7,0
4,3,481,292,7,0
4,3,484,1289,7,0
4,3,485,1905,-1,1
4,3,486,1029,7,0
4,3,487,675,7,0
4,3,488,854,7,0
4,3,495,1837,7,0
4,3,499,769,-1,1
4,3,500,1914,7,0
4,3,503,795,-1,1
4,3,504,792,7,0
4,3,505,1649,7,0
4,3,506,1004,-1,1
4,3,512,1817,7,0
4,3,513,1809,7,0
4,3,514,595,7,0
4,3,516,853,-1,1
4,3,522,1668,7,0
4,3,529,578,-1,1
4,3,533,864,7,0
4,3,534,866,7,0
4,3,541,1949,7,0
4,3,543,1823,7,0
4,3,545,1711,-1,1
4,3,546,900,7,0
4,3,546,902,7,0
4,3,550,987,-1,1
4,3,552,1525,7,0
4,3,553,1429,7,0
4,3,553,1492,7,0
4,3,555,1060,7,0
4,3,559,1487,7,0
4,3,566,386,-1,1
4,3,566,571,-1,1
4,3,568,821,7,0
4,3,569,561,7,0
4,3,571,67,7,0
4,3,575,1454,7,0
4,3,580,875,7,0
4,3,587,891,7,0
4,3,593,1375,7,0
4,3,594,84,7,0
4,3,596,799,7,0
4,3,599,1178,-1,1
4,3,601,1893,-1,1
4,3,601,59,-1,1
4,3,602,1216,7,0
4,3,603,483,-1,1
4,3,607,571,7,0
4,3,608,1376,7,0
4,3,610,270,7,0
4,3,614,1875,7,0
4,3,615,1540,7,0
4,3,616,1599,7,0
4,3,620,2001,7,0
4,3,621,53,7,0
4,3,625,217,7,0
4,3,627,219,7,0
4,3,639,1326,7,0
4,3,639,1329,-1,1
4,3,646,1778,7,0
4,3,650,702,7,0
4,3,655,169,7,0
4,3,661,391,-1,1
4,3,667,1401,7,0
4,3,667,178,-1,1
4,3,675,273,7,0
4,3,676,1749,7,0
4,3,677,114,-1,1
4,3,677,801,-1,1
4,3,678,230,7,0
4,3,686,1762,7,0
4,3,690,651,7,0
4,3,690,968,7,0
4,3,691,476,7,0
4,3,691,480,7,0
4,3,691,509,7,0
4,3,691,649,7,0
4,3,693,129,7,0
4,3,699,342,7,0
4,3,705,489,-1,1
4,3,705,880,7,0
4,3,707,1132,2,0
4,3,708,1982,7,0
4,3,710,413,4,0
4,3,713,1017,7,0
4,3,725,434,-1,1
4,3,725,507,7,0
4,3,726,339,7,0
4,3,726,430,-1,1
4,3,727,460,7,0
4,3,727,992,-1,1
4,3,729,494,7,0
4,3,729,520,7,0
4,3,731,2002,7,0
4,3,733,395,7,0
4,3,745,779,7,0
4,3,745,783,7,0
4,3,747,508,7,0
4,3,760,475,4,0
4,3,760,478,7,0
4,3,764,1009,-1,1
4,3,765,521,7,0
4,3,766,517,4,0
4,3,770,498,7,0
4,3,770,501,7,0
4,3,771,731,7,0
4,3,771,924,7,0
4,3,772,773,7,0
4,3,773,775,7,0
4,3,776,1850,7,0
4,3,779,429,7,0
4,3,784,377,-1,1
4,3,784,381,-1,1
4,3,784,461,-1,1
4,3,784,464,-1,1
4,3,785,498,7,0
4,3,794,1729,7,0
4,3,796,1987,7,0
4,3,797,506,7,0
4,3,81,250,-1,1
4,3,816,869,7,0
4,3,817,866,-1,1
4,3,818,867,-1,1
4,3,820,486,-1,1
4,3,820,490,-1,1
4,3,821,412,4,0
4,3,821,415,7,0
4,3,823,1116,7,0
4,3,823,54,-1,1
4,3,825,671,7,0
4,3,833,483,7,0
4,3,833,486,-1,1
4,3,842,1760,7,0
4,3,848,834,7,0
4,3,849,1926,-1,1
4,3,850,488,-1,1
4,3,854,1010,7,0
4,3,855,435,-1,1
4,3,856,432,7,0
4,3,857,619,-1,1
4,3,858,988,-1,1
4,3,859,590,7,0
4,3,860,502,-1,1
4,3,861,122,-1,1
4,3,862,790,-1,1
4,3,866,475,7,0
4,3,871,452,7,0
4,3,877,434,7,0
4,3,877,447,7,0
4,3,878,482,7,0
4,3,881,133,7,0
4,3,886,172,-1,1
4,3,890,446,7,0
4,3,891,203,-1,1
4,3,892,206,-1,1
4,3,892,505,-1,1
4,3,899,152,7,0
4,3,901,221,-1,1
4,3,912,43,7,0
4,3,914,92,7,0
4,3,915,457,-1,1
4,3,920,50,7,0
4,3,922,233,7,0
4,3,922,71,-1,1
4,3,933,477,-1,1
4,3,933,48,7,0
4,3,934,305,-1,1
4,3,934,517,7,0
4,3,940,1857,7,0
4,3,942,226,7,0
4,3,945,233,7,0
4,3,95,854,7,0
4,3,95,856,7,0
4,3,969,911,-1,1
4,3,986,38,7,0
4,3,99,882,-1,1
4,3,998,88,7,0
4,4,1004,889,-1,1
4,4,1006,1382,-1,1
4,4,1010,1617,-1,1
4,4,1022,1885,7,0
4,4,1034,1691,-1,1
4,4,1049,1961,7,0
4,4,1056,1428,7,0
4,4,1066,1166,-1,1
4,4,1067,1793,-1,1
4,4,1080,1456,-1,1
4,4,1083,1271,7,0
4,4,1087,1918,-1,1
4,4,1090,282,-1,1
4,4,1108,359,-1,1
4,4,1111,630,-1,1
4,4,1129,1836,7,0
4,4,1140,1654,-1,1
4,4,1141,1995,-1,1
4,4,1145,1953,-1,1
4,4,1146,1173,-1,1
4,4,1146,1942,-1,1
4,4,1147,866,-1,1
4,4,1160,1834,7,0
4,4,1166,1283,7,0
4,4,1168,1780,-1,1
4,4,1173,1793,7,0
4,4,1181,1763,-1,1
4,4,1189,1792,7,0
4,4,1190,852,-1,1
4,4,1197,1092,-1,1
4,4,1205,475,-1,1
4,4,1212,580,-1,1
4,4,1229,1270,-1,1
4,4,1230,806,7,0
4,4,1232,380,-1,1
4,4,1235,428,7,0
4,4,1243,1190,7,1
4,4,1243,629,-1,1
4,4,1252,656,7,0
4,4,1256,46,7,0
4,4,1257,1944,7,0
4,4,1257,583,7,0
4,4,1258,1877,-1,1
4,4,1268,788,-1,1
4,4,1275,1825,7,0
4,4,1284,1421,-1,1
4,4,1288,586,7,0
4,4,1290,690,7,0
4,4,1296,2001,7,0
4,4,1310,1907,7,0
4,4,1314,314,-1,1
4,4,1316,1718,7,0
4,4,1318,44,7,0
4,4,1324,1634,-1,1
4,4,1326,1593,-1,1
4,4,1326,1966,7,0
4,4,1329,220,7,0
4,4,1333,705,7,0
4,4,1343,1771,7,0
4,4,1347,449,7,0
4,4,1349,776,7,0
4,4,1350,1718,7,0
4,4,1355,721,7,0
4,4,1369,1508,7,0
4,4,1370,712,7,0
4,4,1377,1502,7,0
4,4,1379,621,7,1
4,4,1417,791,7,0
4,4,142,634,7,0
4,4,1421,690,7,0
4,4,1422,753,7,0
4,4,1429,1988,7,0
4,4,1435,1632,7,0
4,4,1438,681,-1,1
4,4,1449,858,-1,1
4,4,1450,276,7,0
4,4,1450,608,7,0
4,4,1451,309,-1,1
4,4,1464,1685,7,0
4,4,1466,190,7,0
4,4,1472,835,7,0
4,4,1474,512,-1,1
4,4,1479,1785,-1,1
4,4,1480,1858,7,0
4,4,1481,616,7,0
4,4,1483,1942,7,0
4,4,1494,2001,7,0
4,4,1502,429,-1,1
4,4,1507,1969,7,0
4,4,1508,700,-1,1
4,4,1509,1971,7,0
4,4,1509,63,7,0
4,4,1521,168,7,0
4,4,1531,1200,-1,1
4,4,1532,1005,7,0
4,4,1533,1108,7,0
4,4,1533,403,7,0
4,4,1539,866,7,0
4,4,1540,407,7,0
4,4,1543,1918,7,0
4,4,1543,1920,7,0
4,4,1543,2018,7,0
4,4,1545,1869,7,0
4,4,1554,1031,7,0
4,4,1556,561,7,0
4,4,1561,385,7,0
4,4,1571,1184,7,0
4,4,1580,1856,-1,1
4,4,1629,594,7,0
4,4,1632,1000,-1,1
4,4,1637,752,7,0
4,4,1642,1829,7,0
4,4,1646,660,7,0
4,4,1653,2015,7,0
4,4,1657,269,7,0
4,4,1660,610,7,0
4,4,1661,1314,-1,1
4,4,1666,275,7,0
4,4,1676,732,7,0
4,4,1685,1832,7,0
4,4,1692,1324,-1,1
4,4,1696,1468,-1,1
4,4,1697,1803,7,0
4,4,1699,1911,7,0
4,4,1703,611,7,0
4,4,1703,827,7,0
4,4,1705,1195,-1,1
4,4,1729,318,7,0
4,4,1732,848,7,0
4,4,1735,387,7,0
4,4,174,1673,4,0
4,4,1740,781,7,0
4,4,1744,1141,7,1
4,4,1753,564,7,0
4,4,1754,808,7,0
4,4,1755,441,-1,1
4,4,1757,1103,7,0
4,4,1768,1171,7,0
4,4,177,107,7,0
4,4,1775,639,7,0
4,4,1776,869,7,0
4,4,1781,1077,-1,1
4,4,1781,859,7,0
4,4,1787,1466,7,0
4,4,1788,1104,7,0
4,4,1788,1184,-1,1
4,4,1805,1175,7,0
4,4,1805,1177,7,0
4,4,1809,1027,7,0
4,4,1815,723,7,0
4,4,1815,790,-1,1
4,4,1816,1225,7,0
4,4,1817,266,7,0
4,4,1820,1012,7,1
4,4,1824,1291,7,0
4,4,1826,876,7,0
4,4,1827,873,7,0
4,4,1838,955,7,0
4,4,184,69,7,0
4,4,1845,1586,-1,1
4,4,1846,603,7,0
4,4,1851,842,7,0
4,4,1854,1407,7,0
4,4,1857,565,7,0
4,4,1861,395,-1,1
4,4,1868,161,-1,1
4,4,1868,966,-1,1
4,4,1869,627,7,0
4,4,187,377,7,0
4,4,1892,785,7,0
4,4,1894,1468,7,0
4,4,1901,951,-1,1
4,4,1907,844,7,0
4,4,1911,1244,7,0
4,4,1911,1246,7,0
4,4,1913,948,7,0
4,4,1913,950,7,0
4,4,1918,1296,7,0
4,4,1923,1177,7,0
4,4,1923,1179,7,0
4,4,1929,1677,7,0
4,4,1935,1223,7,0
4,4,1938,875,7,0
4,4,1938,877,7,0
4,4,1943,1014,7,0
4,4,1943,420,-1,1
4,4,1944,1204,7,0
4,4,1947,1277,7,0
4,4,1953,1044,7,0
4,4,1954,1317,7,0
4,4,1955,1435,7,0
4,4,1955,917,7,0
4,4,1966,1428,7,1
4,4,1966,1432,-1,1
4,4,1969,1547,-1,1
4,4,1973,799,7,0
4,4,1979,1330,7,0
4,4,1980,1430,7,0
4,4,1983,803,-1,1
4,4,1991,960,7,1
4,4,2020,685,7,0
4,4,2026,1965,7,0
4,4,2030,978,7,0
4,4,2032,1467,7,0
4,4,2038,1603,7,0
4,4,2039,1439,7,0
4,4,2045,1543,-1,1
4,4,2049,847,7,0
4,4,2055,723,-1,1
4,4,2056,1403,7,0
4,4,2058,1485,7,0
4,4,2062,1436,7,0
4,4,2065,1937,-1,1
4,4,212,213,7,0
4,4,247,334,7,0
4,4,248,1672,-1,1
4,4,291,384,7,0
4,4,296,130,7,0
4,4,312,574,7,0
4,4,379,1625,-1,1
4,4,449,954,7,0
4,4,453,504,-1,1
4,4,466,1059,-1,1
4,4,496,801,-1,1
4,4,513,637,7,0
4,4,517,1886,7,0
4,4,560,191,7,0
4,4,571,702,-1,1
4,4,582,1238,7,0
4,4,589,1382,-1,1
4,4,595,481,7,0
4,4,598,1463,-1,1
4,4,599,1899,7,0
4,4,601,992,-1,1
4,4,613,1132,7,0
4,4,614,501,7,0
4,4,615,1089,7,0
4,4,621,1833,-1,1
4,4,622,1896,7,0
4,4,624,1888,7,0
4,4,652,44,7,0
4,4,658,370,7,0
4,4,659,1941,-1,1
4,4,666,1782,-1,1
4,4,673,1429,7,0
4,4,677,1451,7,0
4,4,677,795,7,0
4,4,683,1434,7,0
4,4,696,1064,-1,1
4,4,713,909,7,0
4,4,718,886,7,0
4,4,723,1996,7,0
4,4,742,963,7,0
4,4,770,1968,7,0
4,4,789,1602,7,0
4,4,792,964,7,0
4,4,803,1363,7,0
4,4,804,1307,7,0
4,4,811,930,7,0
4,4,813,1195,7,0
4,4,816,588,-1,1
4,4,818,187,2,0
4,4,829,1863,7,0
4,4,832,1344,7,0
4,4,833,1241,7,0
4,4,834,1608,-1,1
4,4,842,488,7,0
4,4,847,1891,7,0
4,4,849,1290,7,0
4,4,850,1322,-1,1
4,4,855,1049,7,0
4,4,855,1229,7,0
4,4,856,1446,7,0
4,4,863,822,7,0
4,4,866,1662,7,0
4,4,867,1933,7,0
4,4,875,1933,7,0
4,4,877,568,7,0
4,4,877,987,7,0
4,4,885,62,7,0
4,4,889,1674,7,0
4,4,897,1880,7,0
4,4,913,1391,7,0
4,4,913,1394,7,0
4,4,921,1205,7,0
4,4,930,1756,7,0
4,4,936,1043,-1,1
4,4,936,918,7,0
4,4,939,752,-1,1
4,4,950,1246,7,0
4,4,951,1026,7,0
4,4,954,1373,7,0
4,4,954,935,7,0
4,4,955,1504,7,0
4,4,961,1146,7,0
4,4,963,345,7,0
4,4,973,1753,7,0
4,4,974,54,7,0
4,4,978,1470,-1,1
4,4,978,1472,-1,1
4,4,979,1740,-1,1
4,4,988,1526,7,0
4,4,989,1255,7,0
4,4,989,1259,7,0
4,4,990,1885,-1,1
4,4,996,1642,-1,1
4,4,998,1877,7,0
