1,1,1006,1239,-1,1
1,1,1010,1340,-1,1
1,1,1022,1893,-1,1
1,1,1081,668,6,0
1,1,109,1674,6,0
1,1,1092,1308,-1,1
1,1,1094,1983,-1,1
1,1,1134,1620,6,0
1,1,1139,316,-1,1
1,1,1166,653,-1,1
1,1,1175,1661,-1,1
1,1,1207,2047,2,0
1,1,1229,1806,-1,1
1,1,1232,1605,-1,1
1,1,1237,1106,-1,1
1,1,1245,1137,-1,1
1,1,1247,1378,-1,1
1,1,1247,1696,-1,1
1,1,1256,301,6,0
1,1,1260,1105,2,0
1,1,1263,1317,-1,1
1,1,1267,1935,6,0
1,1,1274,1078,-1,1
1,1,1284,1938,-1,1
1,1,1285,856,-1,1
1,1,1296,1764,6,0
1,1,1302,1769,-1,1
1,1,1311,1687,6,0
1,1,1321,1257,-1,1
1,1,1338,1994,-1,1
1,1,1352,1869,-1,1
1,1,1356,2007,6,1
1,1,1373,1871,6,0
1,1,1383,1969,-1,1
1,1,1384,1691,-1,1
1,1,1388,1222,-1,1
1,1,1388,2042,6,1
1,1,1404,1869,-1,1
1,1,1409,1934,6,0
1,1,1414,1732,1,0
1,1,1417,1672,6,1
1,1,1418,1136,-1,1
1,1,1428,1908,6,0
1,1,1432,1842,6,0
1,1,1439,1703,-1,1
1,1,1443,1606,6,0
1,1,1447,1781,6,1
1,1,1449,2039,-1,1
1,1,1452,1733,-1,1
1,1,1456,1192,1,0
1,1,1464,1093,-1,1
1,1,1464,1705,6,0
1,1,1465,1494,-1,1
1,1,1468,1320,6,0
1,1,1468,1808,-1,1
1,1,1473,1639,6,0
1,1,1482,1912,6,1
1,1,1484,1518,-1,1
1,1,1489,1977,1,0
1,1,1491,2024,-1,1
1,1,1494,1041,6,0
1,1,1502,1795,6,0
1,1,1503,1332,6,1
1,1,1509,2028,-1,1
1,1,1511,1880,-1,1
1,1,1515,1446,-1,1
1,1,1515,1871,-1,1
1,1,1516,1858,-1,1
1,1,1517,1720,-1,1
1,1,1519,1954,6,0
1,1,1524,1186,-1,1
1,1,1539,1998,-1,1
1,1,1540,727,6,0
1,1,1558,1117,6,0
1,1,1573,1703,6,1
1,1,1574,1508,6,0
1,1,1575,1886,6,1
1,1,1582,1127,6,0
1,1,1587,1891,-1,1
1,1,1596,1525,6,0
1,1,1596,1977,6,1
1,1,1628,560,6,0
1,1,1629,1798,-1,1
1,1,1629,913,6,0
1,1,1635,610,6,0
1,1,1639,1993,-1,1
1,1,1644,1132,-1,1
1,1,1644,1950,-1,1
1,1,1654,1881,-1,1
1,1,1661,817,1,0
1,1,1665,1722,-1,1
1,1,1667,1353,6,0
1,1,1668,1796,6,1
1,1,1677,1508,6,0
1,1,1677,1874,-1,1
1,1,1680,1834,-1,1
1,1,1683,1019,6,0
1,1,1683,186,6,0
1,1,1687,665,-1,1
1,1,1689,1385,-1,1
1,1,1691,1709,6,0
1,1,1695,1402,-1,1
1,1,1710,1642,-1,1
1,1,1711,1295,-1,1
1,1,1714,965,6,0
1,1,1715,1785,-1,1
1,1,1730,1927,-1,1
1,1,1730,564,6,0
1,1,1731,880,6,0
1,1,1732,1772,-1,1
1,1,1734,1925,-1,1
1,1,1734,1963,6,0
1,1,1758,1818,6,0
1,1,1761,1993,-1,1
1,1,1772,1804,6,0
1,1,1773,1370,-1,1
1,1,1781,2015,-1,1
1,1,1782,1593,6,0
1,1,1782,1903,6,0
1,1,1793,668,3,0
1,1,1797,150,1,0
1,1,1800,1683,6,1
1,1,1805,1421,-1,1
1,1,1808,1690,-1,1
1,1,1817,1669,-1,1
1,1,1819,1706,6,1
1,1,1832,1038,-1,1
1,1,1844,691,-1,1
1,1,1847,627,3,0
1,1,1851,567,-1,1
1,1,1857,1604,6,0
1,1,186,773,-1,1
1,1,1861,1759,-1,1
1,1,1861,564,3,0
1,1,1864,1428,6,0
1,1,1869,1396,-1,1
1,1,1870,1706,-1,1
1,1,1871,1555,-1,1
1,1,1873,1189,-1,1
1,1,1874,954,6,0
1,1,188,483,-1,1
1,1,1881,1330,-1,1
1,1,1884,1543,-1,1
1,1,1890,1283,1,0
1,1,1913,229,-1,1
1,1,1925,1684,-1,1
1,1,1929,1518,-1,1
1,1,1935,1937,-1,1
1,1,1936,1684,-1,1
1,1,1942,1666,-1,1
1,1,1946,1986,-1,1
1,1,195,1707,6,0
1,1,1950,1581,6,0
1,1,1950,84,6,0
1,1,1954,1848,-1,1
1,1,1956,409,-1,1
1,1,1957,2035,-1,1
1,1,1957,991,6,0
1,1,1960,1726,-1,1
1,1,1960,1728,-1,1
1,1,1964,1917,-1,1
1,1,1968,1484,6,1
1,1,1968,1721,6,1
1,1,1968,1723,-1,1
1,1,1972,295,2,0
1,1,1973,1904,-1,1
1,1,1975,1557,6,0
1,1,1980,1954,-1,1
1,1,1987,1049,1,0
1,1,1989,1320,6,0
1,1,2003,1619,-1,1
1,1,2004,2013,-1,1
1,1,2007,1971,-1,1
1,1,2018,1891,-1,1
1,1,2026,621,2,0
1,1,2034,1590,-1,1
1,1,2036,1433,6,0
1,1,2041,1404,1,0
1,1,2043,1633,-1,1
1,1,2043,642,6,0
1,1,2048,1782,-1,1
1,1,2048,381,6,0
1,1,2051,1312,-1,1
1,1,2052,468,2,0
1,1,2052,699,-1,1
1,1,2054,1364,6,0
1,1,2055,1947,3,0
1,1,2057,1437,-1,1
1,1,2061,1878,-1,1
1,1,2064,1684,-1,1
1,1,2067,869,2,0
1,1,2069,1314,1,0
1,1,2079,1833,-1,1
1,1,2081,590,6,0
1,1,209,1796,6,0
1,1,306,1118,-1,1
1,1,322,1491,6,0
1,1,340,650,6,1
1,1,358,1337,6,0
1,1,370,956,-1,1
1,1,380,1249,-1,1
1,1,388,1662,6,0
1,1,397,1186,-1,1
1,1,422,966,-1,1
1,1,451,1114,-1,1
1,1,456,1041,-1,1
1,1,473,1731,-1,1
1,1,480,1605,6,0
1,1,482,924,6,1
1,1,490,1041,1,0
1,1,501,1563,6,0
1,1,563,1471,-1,1
1,1,605,409,-1,1
1,1,652,1976,-1,1
1,1,666,1575,6,0
1,1,666,960,6,0
1,1,673,1835,6,0
1,1,693,1022,-1,1
1,1,695,1894,6,0
1,1,704,1423,6,0
1,1,72,1600,-1,1
1,1,747,1963,-1,1
1,1,773,1858,6,1
1,1,781,1122,6,0
1,1,784,1989,6,0
1,1,785,2026,-1,1
1,1,802,2005,6,1
1,1,807,1117,-1,1
1,1,818,1743,6,0
1,1,821,1993,6,1
1,1,849,2011,-1,1
1,1,855,546,6,0
1,1,886,1838,6,1
1,1,904,1140,-1,1
1,1,922,1777,-1,1
1,1,928,1900,-1,1
1,1,933,2018,2,0
1,1,935,2003,2,0
1,1,949,1828,6,0
1,1,960,1396,6,0
1,1,963,1539,6,0
1,1,965,310,6,0
1,1,985,1245,6,0
1,2,100,1753,-1,1
1,2,1005,590,6,0
1,2,1007,1902,6,0
1,2,1014,936,-1,1
1,2,1015,863,6,0
1,2,1015,972,6,0
1,2,1016,324,-1,1
1,2,1021,1913,6,0
1,2,1023,1976,6,1
1,2,1028,1208,6,0
1,2,1032,871,6,0
1,2,1034,1649,6,0
1,2,1036,1189,6,0
1,2,1041,854,6,0
1,2,1043,119,6,0
1,2,1045,1970,-1,1
1,2,1045,1973,-1,1
1,2,1051,47,6,0
1,2,106,1618,-1,1
1,2,1060,1916,-1,1
1,2,1064,462,6,0
1,2,1064,802,2,0
1,2,1069,1573,-1,1
1,2,1071,832,-1,1
1,2,1074,1097,-1,1
1,2,1076,1407,6,1
1,2,1087,1445,3,0
1,2,1089,1598,6,0
1,2,109,90,6,0
1,2,1094,1447,6,0
1,2,1098,972,6,0
1,2,1116,794,6,0
1,2,1119,1561,-1,1
1,2,1121,914,6,0
1,2,1123,179,6,0
1,2,1128,434,6,1
1,2,113,1659,6,1
1,2,1130,1740,-1,1
1,2,1140,836,6,0
1,2,1144,1607,2,0
1,2,1145,1578,-1,1
1,2,1148,1452,6,0
1,2,1148,1857,6,0
1,2,1151,1846,6,0
1,2,1152,963,6,0
1,2,1159,622,6,0
1,2,1160,1957,6,0
1,2,1164,1012,6,1
1,2,1166,114,6,0
1,2,117,388,6,0
1,2,1170,86,-1,1
1,2,1172,113,6,0
1,2,1172,898,6,1
1,2,1174,552,6,0
1,2,1176,1998,6,0
1,2,1179,1322,-1,1
1,2,1179,1586,6,0
1,2,1183,1747,-1,1
1,2,1192,889,6,0
1,2,1195,962,6,1
1,2,1198,156,6,0
1,2,1199,1419,6,1
1,2,1199,1521,6,0
1,2,1203,272,-1,1
1,2,1207,1726,6,0
1,2,1215,1739,-1,1
1,2,1216,1654,6,0
1,2,1218,240,-1,1
1,2,1224,1843,6,0
1,2,1224,487,-1,1
1,2,1228,1969,-1,1
1,2,1231,402,-1,1
1,2,1238,1734,-1,1
1,2,1240,1834,6,0
1,2,1240,1852,6,0
1,2,1242,161,6,0
1,2,1246,1258,6,0
1,2,1246,1462,-1,1
1,2,1252,1454,6,0
1,2,1261,360,6,1
1,2,1265,1633,-1,1
1,2,1271,297,6,0
1,2,1275,1585,6,0
1,2,1276,1846,6,0
1,2,1278,1042,6,1
1,2,1279,1699,6,0
1,2,1280,1916,-1,1
1,2,1282,186,6,0
1,2,1283,1199,6,0
1,2,1285,1415,6,0
1,2,1291,1952,-1,1
1,2,1292,663,6,1
1,2,1293,1816,6,0
1,2,1294,1460,6,0
1,2,1294,1762,6,0
1,2,1295,218,6,0
1,2,130,619,6,1
1,2,1301,438,6,0
1,2,1309,1328,-1,1
1,2,131,1406,-1,1
1,2,1311,939,-1,1
1,2,1311,942,-1,1
1,2,1318,113,6,0
1,2,1318,1149,6,0
1,2,1318,123,-1,1
1,2,1321,334,6,0
1,2,1323,922,6,0
1,2,1325,1388,-1,1
1,2,1332,885,6,0
1,2,1333,1330,6,1
1,2,1333,1879,-1,1
1,2,1337,1779,6,0
1,2,1339,687,6,0
1,2,1339,969,6,0
1,2,1341,1804,6,0
1,2,1342,1351,6,0
1,2,1342,1621,-1,1
1,2,1348,258,6,1
1,2,1354,1563,6,0
1,2,1355,1251,6,0
1,2,1355,766,6,1
1,2,1358,712,6,0
1,2,1361,965,6,0
1,2,1368,1005,-1,1
1,2,1369,1010,-1,1
1,2,137,1048,6,0
1,2,1376,232,-1,1
1,2,1384,1491,-1,1
1,2,1385,817,6,0
1,2,1387,387,6,1
1,2,1390,665,6,0
1,2,1395,432,6,0
1,2,1397,1440,6,0
1,2,1397,1615,6,0
1,2,1397,1742,-1,1
1,2,1397,584,6,0
1,2,1402,1827,6,0
1,2,1405,413,6,1
1,2,1413,379,6,0
1,2,1414,1573,-1,1
1,2,1416,502,-1,1
1,2,1419,283,6,0
1,2,1423,2029,6,0
1,2,1424,1782,6,0
1,2,1425,1352,6,0
1,2,1425,1913,-1,1
1,2,1426,1259,6,0
1,2,1426,1833,6,0
1,2,1433,1509,6,0
1,2,1435,50,-1,1
1,2,1439,358,6,0
1,2,1442,1387,6,0
1,2,1444,1380,6,0
1,2,1445,1562,-1,1
1,2,1445,1917,6,0
1,2,1455,933,6,0
1,2,1459,185,6,0
1,2,1460,1958,6,0
1,2,1465,697,6,0
1,2,1471,233,6,0
1,2,1472,1437,-1,1
1,2,1474,1141,6,0
1,2,1482,1419,1,0
1,2,1483,398,6,0
1,2,1483,594,-1,1
1,2,1485,1356,6,0
1,2,1493,904,6,0
1,2,1499,906,6,0
1,2,1505,459,6,1
1,2,1506,881,-1,1
1,2,1507,1370,6,0
1,2,1507,913,6,0
1,2,1511,445,6,0
1,2,1511,797,6,1
1,2,1513,1958,6,0
1,2,152,754,6,0
1,2,1520,104,6,0
1,2,1522,1996,6,0
1,2,1522,920,6,0
1,2,1524,932,6,0
1,2,1526,1483,6,0
1,2,1527,1956,6,0
1,2,153,1252,-1,1
1,2,1534,1180,6,0
1,2,1538,1561,-1,1
1,2,1538,1951,6,0
1,2,1538,789,6,0
1,2,1541,423,6,0
1,2,1543,642,6,0
1,2,1544,1419,0,0
1,2,1545,441,-1,1
1,2,1546,94,6,0
1,2,1554,957,1,0
1,2,1555,522,6,0
1,2,1557,1558,-1,1
1,2,1558,876,6,0
1,2,1559,1026,6,0
1,2,1559,330,-1,1
1,2,1567,239,3,0
1,2,1575,1676,6,0
1,2,1577,488,-1,1
1,2,1581,269,6,1
1,2,159,1366,6,0
1,2,1590,395,6,0
1,2,1597,662,6,0
1,2,160,1342,6,1
1,2,160,215,6,0
1,2,1606,951,6,1
1,2,1608,409,6,0
1,2,161,540,6,0
1,2,1614,429,6,0
1,2,1616,1110,-1,1
1,2,1627,847,-1,1
1,2,163,1120,6,0
1,2,163,1233,6,0
1,2,1640,1163,-1,1
1,2,1640,967,-1,1
1,2,1641,967,-1,1
1,2,1643,1390,6,0
1,2,1647,1003,-1,1
1,2,1647,1005,-1,1
1,2,1648,638,-1,1
1,2,1654,868,6,1
1,2,1655,1507,-1,1
1,2,1660,1000,6,0
1,2,1663,1303,-1,1
1,2,1663,1702,-1,1
1,2,1663,322,6,0
1,2,1664,1107,-1,1
1,2,1664,97,6,0
1,2,1666,669,6,0
1,2,1669,1337,-1,1
1,2,1670,1086,-1,1
1,2,1672,829,6,0
1,2,1674,911,6,1
1,2,1676,1452,6,0
1,2,1678,1902,6,0
1,2,1680,1340,-1,1
1,2,1680,552,-1,1
1,2,1682,259,-1,1
1,2,1688,649,6,0
1,2,1691,876,6,0
1,2,1694,775,6,0
1,2,170,1598,6,1
1,2,1700,1934,6,0
1,2,1700,828,6,0
1,2,1703,123,-1,1
1,2,1704,450,6,0
1,2,1707,1220,6,0
1,2,1709,943,-1,1
1,2,1710,945,-1,1
1,2,1711,930,6,0
1,2,1712,220,-1,1
1,2,1713,1125,6,0
1,2,1714,876,6,0
1,2,1715,848,6,0
1,2,1716,527,6,0
1,2,1716,945,6,0
1,2,1721,1883,6,0
1,2,1728,1181,6,0
1,2,173,896,-1,1
1,2,1732,454,-1,1
1,2,1740,805,6,0
1,2,1748,567,6,0
1,2,1752,1983,6,0
1,2,1755,1260,6,1
1,2,1757,391,6,0
1,2,176,1718,-1,1
1,2,1760,654,6,0
1,2,1761,1393,6,0
1,2,1765,1122,6,0
1,2,1768,1502,6,0
1,2,1768,1693,6,0
1,2,1773,203,-1,1
1,2,1775,1051,6,0
1,2,1775,883,6,0
1,2,1777,791,-1,1
1,2,1778,1291,6,1
1,2,1787,455,2,0
1,2,1787,969,6,1
1,2,1787,971,6,0
1,2,1788,1025,-1,1
1,2,1789,1527,6,0
1,2,1789,1627,6,0
1,2,1790,1893,6,0
1,2,1792,1653,6,0
1,2,1797,743,6,0
1,2,1798,624,6,0
1,2,1798,906,6,0
1,2,1800,799,4,0
1,2,1800,943,6,1
1,2,1800,945,6,0
1,2,1801,1204,-1,1
1,2,1804,351,6,0
1,2,1804,382,6,0
1,2,1805,1184,6,0
1,2,1808,488,-1,1
1,2,1809,1124,6,0
1,2,1809,907,6,0
1,2,181,1884,6,1
1,2,1810,1176,-1,1
1,2,1811,531,-1,1
1,2,1812,1079,6,0
1,2,1814,1050,6,0
1,2,1816,1124,6,0
1,2,1818,600,6,0
1,2,1820,1383,6,0
1,2,1821,1295,6,0
1,2,1822,1931,6,0
1,2,1824,1238,6,0
1,2,1826,1038,6,0
1,2,1827,1415,6,0
1,2,1827,405,6,1
1,2,1828,1265,6,1
1,2,1828,1267,6,0
1,2,1830,1081,6,1
1,2,1831,1071,-1,1
1,2,1837,780,-1,1
1,2,1840,1118,6,1
1,2,1840,1120,6,0
1,2,1844,613,6,0
1,2,1846,1291,6,0
1,2,1848,1348,6,0
1,2,1851,1223,6,1
1,2,1855,1013,6,1
1,2,1855,929,-1,1
1,2,1855,931,-1,1
1,2,1856,66,6,0
1,2,1858,262,6,0
1,2,186,167,-1,1
1,2,1860,1209,6,0
1,2,1863,1624,6,0
1,2,1863,703,6,0
1,2,1866,675,6,0
1,2,1867,609,6,0
1,2,1870,1327,6,1
1,2,1870,379,6,0
1,2,1872,1261,6,1
1,2,1874,1252,6,0
1,2,188,1540,6,0
1,2,1880,1034,6,0
1,2,1880,272,6,0
1,2,1881,725,6,0
1,2,1882,1216,6,0
1,2,1884,1436,6,0
1,2,1892,402,6,0
1,2,1893,1359,6,0
1,2,1895,1290,6,0
1,2,1896,1251,6,1
1,2,1896,990,-1,1
1,2,1897,965,6,0
1,2,1898,2001,6,0
1,2,190,1311,6,1
1,2,1900,1472,6,0
1,2,1902,1402,6,0
1,2,1903,1202,6,0
1,2,1903,552,6,0
1,2,1905,1243,6,1
1,2,1905,1635,6,0
1,2,1910,1106,6,1
1,2,1910,874,6,1
1,2,1913,1215,6,1
1,2,1922,1229,6,0
1,2,1922,530,2,0
1,2,1923,867,6,0
1,2,1928,1191,-1,1
1,2,1929,299,-1,1
1,2,193,1973,6,0
1,2,1930,1846,6,0
1,2,1934,1501,6,0
1,2,1934,391,-1,1
1,2,1936,2000,6,0
1,2,1937,1241,-1,1
1,2,1938,1517,-1,1
1,2,194,1754,6,0
1,2,1940,1234,6,1
1,2,1941,762,6,0
1,2,1945,821,6,0
1,2,1946,897,6,0
1,2,1947,510,-1,1
1,2,1948,738,6,0
1,2,1948,741,6,0
1,2,1949,1345,-1,1
1,2,1949,914,6,1
1,2,1950,600,6,0
1,2,1952,878,6,0
1,2,1954,333,6,0
1,2,1954,998,6,1
1,2,1955,147,-1,1
1,2,1958,1880,6,0
1,2,1959,526,6,0
1,2,1961,1245,6,1
1,2,1961,1526,6,0
1,2,1961,87,-1,1
1,2,1962,1141,6,0
1,2,1963,1142,6,0
1,2,1964,103,3,0
1,2,1970,1207,6,0
1,2,1977,1284,6,1
1,2,1977,635,6,0
1,2,1978,1032,6,0
1,2,1979,540,6,0
1,2,1980,1664,6,0
1,2,1983,1260,6,1
1,2,1983,1265,6,0
1,2,1984,1395,6,0
1,2,1985,1050,-1,1
1,2,1985,1171,6,0
1,2,1986,1172,6,0
1,2,1986,862,-1,1
1,2,1987,1171,6,0
1,2,1990,274,6,0
1,2,1991,983,6,0
1,2,1992,927,6,0
1,2,1993,593,-1,1
1,2,1996,183,-1,1
1,2,1998,1045,6,0
1,2,1998,415,-1,1
1,2,1999,1636,6,0
1,2,2000,1003,6,1
1,2,2000,1195,6,0
1,2,2000,1748,-1,1
1,2,2005,592,6,0
1,2,2007,1470,6,0
1,2,2008,935,-1,1
1,2,2011,1311,6,1
1,2,2011,160,-1,1
1,2,2021,583,-1,1
1,2,2022,585,-1,1
1,2,2023,80,6,0
1,2,2026,1236,6,0
1,2,2028,1026,6,1
1,2,2029,1029,-1,1
1,2,203,1703,-1,1
1,2,2031,1339,6,0
1,2,2031,1521,6,0
1,2,2032,120,6,0
1,2,2036,1312,6,1
1,2,2037,1314,6,0
1,2,2039,51,-1,1
1,2,2042,1110,6,0
1,2,2045,1306,6,0
1,2,2045,1308,6,0
1,2,2045,1669,-1,1
1,2,2046,1210,-1,1
1,2,2046,731,-1,1
1,2,2047,1124,6,1
1,2,2048,664,-1,1
1,2,2051,773,-1,1
1,2,2053,1247,6,0
1,2,2053,1946,-1,1
1,2,2059,718,6,0
1,2,206,1432,-1,1
1,2,2067,1774,6,0
1,2,2068,699,6,0
1,2,2069,122,6,0
1,2,2070,1968,6,0
1,2,2071,1122,6,0
1,2,2072,1104,-1,1
1,2,2076,998,-1,1
1,2,208,676,6,0
1,2,2080,1395,6,1
1,2,209,1359,6,0
1,2,214,1402,6,1
1,2,217,1138,6,0
1,2,220,1813,-1,1
1,2,223,493,6,0
1,2,232,1999,6,1
1,2,236,1989,6,1
1,2,241,1679,6,0
1,2,245,1720,-1,1
1,2,255,1849,-1,1
1,2,257,1783,-1,1
1,2,264,183,6,0
1,2,275,1254,-1,1
1,2,282,877,6,0
1,2,289,1976,6,0
1,2,292,1940,6,1
1,2,293,762,6,0
1,2,302,1348,6,0
1,2,304,1167,6,0
1,2,307,1845,6,0
1,2,309,1724,-1,1
1,2,316,1516,6,0
1,2,326,1544,6,1
1,2,326,451,6,0
1,2,328,734,6,0
1,2,329,245,6,0
1,2,331,1978,-1,1
1,2,333,458,6,0
1,2,334,1742,6,1
1,2,335,1634,-1,1
1,2,342,1713,-1,1
1,2,348,1697,-1,1
1,2,362,1517,6,0
1,2,363,177,6,0
1,2,365,1772,-1,1
1,2,366,1664,-1,1
1,2,377,1659,6,0
1,2,382,1153,6,0
1,2,383,1292,6,0
1,2,388,1530,-1,1
1,2,388,1548,6,1
1,2,391,1717,6,0
1,2,396,101,6,0
1,2,399,905,6,0
1,2,403,348,6,0
1,2,404,1755,-1,1
1,2,408,1798,6,1
1,2,412,766,-1,1
1,2,413,1484,-1,1
1,2,424,990,6,0
1,2,436,990,-1,1
1,2,440,1140,6,0
1,2,441,1564,6,0
1,2,450,1283,-1,1
1,2,450,359,6,0
1,2,451,1076,-1,1
1,2,452,1109,6,0
1,2,455,1159,6,0
1,2,455,1535,6,1
1,2,455,445,6,0
1,2,456,1901,-1,1
1,2,456,1903,-1,1
1,2,456,1960,-1,1
1,2,459,926,6,0
1,2,465,1137,-1,1
1,2,469,545,6,1
1,2,471,556,6,0
1,2,476,1886,-1,1
1,2,481,403,6,0
1,2,485,73,6,0
1,2,486,1135,-1,1
1,2,486,1817,6,1
1,2,486,1820,6,0
1,2,489,1315,6,0
1,2,494,1810,-1,1
1,2,500,1154,-1,1
1,2,500,976,6,0
1,2,512,1941,-1,1
1,2,512,1943,-1,1
1,2,512,468,6,0
1,2,513,894,6,0
1,2,520,1271,-1,1
1,2,522,1716,-1,1
1,2,538,1925,6,1
1,2,547,1424,6,1
1,2,547,1426,6,0
1,2,548,1604,-1,1
1,2,553,750,6,0
1,2,553,891,6,0
1,2,564,1446,6,0
1,2,571,1327,6,0
1,2,575,1403,6,0
1,2,578,1617,-1,1
1,2,580,1689,6,0
1,2,583,1608,-1,1
1,2,583,1709,-1,1
1,2,588,1859,-1,1
1,2,594,1743,6,0
1,2,604,1541,-1,1
1,2,604,553,-1,1
1,2,605,1923,-1,1
1,2,613,1463,6,0
1,2,614,422,-1,1
1,2,618,1623,-1,1
1,2,622,1479,6,0
1,2,626,1520,6,0
1,2,640,1614,-1,1
1,2,641,1828,6,0
1,2,643,1824,6,0
1,2,645,507,6,0
1,2,647,301,6,0
1,2,653,1357,6,1
1,2,653,971,6,0
1,2,657,1659,6,0
1,2,660,511,6,0
1,2,666,1925,6,1
1,2,666,919,6,0
1,2,667,1870,-1,1
1,2,667,1948,-1,1
1,2,677,635,6,0
1,2,678,1203,6,0
1,2,679,1666,6,1
1,2,679,1668,-1,1
1,2,685,1813,-1,1
1,2,686,1878,-1,1
1,2,686,549,6,0
1,2,693,1831,-1,1
1,2,695,930,6,0
1,2,695,942,6,0
1,2,696,1240,6,0
1,2,699,1483,6,0
1,2,699,1672,-1,1
1,2,700,1426,-1,1
1,2,700,1669,6,0
1,2,701,1993,6,0
1,2,708,1598,6,0
1,2,708,910,-1,1
1,2,711,1845,6,0
1,2,716,1600,-1,1
1,2,719,1887,-1,1
1,2,720,1397,-1,1
1,2,722,1830,-1,1
1,2,722,1868,-1,1
1,2,722,936,6,0
1,2,727,1850,6,0
1,2,728,1572,6,0
1,2,729,1157,-1,1
1,2,729,1877,-1,1
1,2,729,1881,-1,1
1,2,740,1618,6,0
1,2,742,1596,6,1
1,2,744,1560,6,0
1,2,744,1872,6,0
1,2,749,1254,-1,1
1,2,750,1993,6,0
1,2,753,1911,6,0
1,2,753,1914,6,0
1,2,755,1558,-1,1
1,2,755,1869,-1,1
1,2,762,1701,6,0
1,2,762,1932,-1,1
1,2,763,1226,6,0
1,2,764,364,6,0
1,2,768,1891,6,1
1,2,771,1488,6,0
1,2,772,1473,6,0
1,2,776,1598,6,1
1,2,781,1747,6,1
1,2,781,1957,-1,1
1,2,783,1920,6,0
1,2,79,1601,-1,1
1,2,799,1555,6,1
1,2,800,1796,6,0
1,2,802,1805,-1,1
1,2,808,1615,6,1
1,2,81,1945,-1,1
1,2,811,1489,-1,1
1,2,824,1385,6,0
1,2,824,1641,-1,1
1,2,828,1657,6,1
1,2,829,1430,6,0
1,2,836,896,-1,1
1,2,842,731,6,0
1,2,847,1750,6,0
1,2,850,1154,6,0
1,2,851,1779,6,0
1,2,852,1742,6,1
1,2,853,401,2,0
1,2,857,1431,6,0
1,2,859,1618,6,0
1,2,863,1489,6,0
1,2,863,1998,6,0
1,2,863,439,6,0
1,2,864,1995,6,0
1,2,868,1673,6,1
1,2,868,1900,6,1
1,2,868,919,6,0
1,2,871,1974,6,0
1,2,873,1129,6,0
1,2,879,1038,6,0
1,2,881,1513,6,0
1,2,881,1788,-1,1
1,2,882,1599,6,0
1,2,885,673,6,0
1,2,886,1102,6,0
1,2,90,1306,6,0
1,2,900,1862,6,0
1,2,900,1880,6,0
1,2,901,1098,6,0
1,2,906,600,-1,1
1,2,910,817,6,0
1,2,911,1988,-1,1
1,2,918,1641,6,1
1,2,919,1658,6,0
1,2,92,1914,6,0
1,2,923,1751,-1,1
1,2,924,335,6,0
1,2,925,1069,6,0
1,2,925,1681,6,0
1,2,927,770,-1,1
1,2,929,1242,6,0
1,2,944,1075,6,0
1,2,945,1492,6,1
1,2,95,1601,-1,1
1,2,950,1907,-1,1
1,2,951,1744,6,1
1,2,96,1726,6,1
1,2,965,1786,6,0
1,2,971,832,6,0
1,2,977,1587,-1,1
1,2,98,997,6,0
1,2,982,442,6,0
1,2,985,1259,6,0
1,3,100,1490,6,0
1,3,1002,1603,-1,1
1,3,1008,70,-1,1
1,3,1023,68,6,0
1,3,1027,1981,6,0
1,3,1032,1208,6,0
1,3,1033,480,6,0
1,3,1035,1660,6,0
1,3,1045,622,-1,1
1,3,1048,1433,-1,1
1,3,105,1218,6,0
1,3,105,1220,6,1
1,3,1050,904,-1,1
1,3,1058,343,6,0
1,3,1061,802,6,0
1,3,1067,811,-1,1
1,3,1069,798,6,0
1,3,107,445,6,1
1,3,1070,37,6,0
1,3,1071,1021,-1,1
1,3,1071,887,-1,1
1,3,1076,782,6,0
1,3,1077,743,-1,1
1,3,1079,1769,-1,1
1,3,1079,825,6,0
1,3,108,443,6,0
1,3,1084,693,-1,1
1,3,1084,917,-1,1
1,3,1088,600,-1,1
1,3,1088,773,-1,1
1,3,1089,771,-1,1
1,3,1092,1773,6,0
1,3,1095,1764,6,0
1,3,1097,1856,6,0
1,3,1105,771,6,0
1,3,111,1864,6,0
1,3,1113,1641,6,0
1,3,1113,1981,-1,1
1,3,1119,2022,6,0
1,3,1119,843,-1,1
1,3,112,1517,-1,1
1,3,1122,620,-1,1
1,3,1122,622,-1,1
1,3,1124,738,6,0
1,3,1125,748,6,1
1,3,113,495,-1,1
1,3,1137,473,6,0
1,3,1141,1870,6,0
1,3,1142,2014,6,1
1,3,1146,920,6,0
1,3,1152,1867,6,0
1,3,1152,929,-1,1
1,3,1157,1424,6,0
1,3,1157,908,6,0
1,3,1159,108,-1,1
1,3,116,1215,-1,1
1,3,1170,39,6,0
1,3,1171,1557,6,0
1,3,1177,1432,6,0
1,3,1178,1560,6,0
1,3,1181,1607,-1,1
1,3,1192,1202,6,0
1,3,1192,1203,6,1
1,3,1192,1729,-1,1
1,3,1193,1172,6,0
1,3,1194,1627,-1,1
1,3,1195,1053,6,0
1,3,1195,1600,6,0
1,3,1196,1980,6,0
1,3,1199,226,6,0
1,3,1202,1840,6,0
1,3,1204,1959,6,0
1,3,1204,1961,6,0
1,3,1207,1203,6,0
1,3,121,632,-1,1
1,3,1213,1768,-1,1
1,3,1218,1783,6,0
1,3,1218,1890,6,0
1,3,1219,291,6,0
1,3,1222,1161,-1,1
1,3,1225,809,-1,1
1,3,123,994,6,0
1,3,1230,1911,-1,1
1,3,1232,718,6,1
1,3,1233,1736,6,0
1,3,1236,1836,6,1
1,3,1236,1847,2,0
1,3,1239,1949,6,0
1,3,1239,1952,-1,1
1,3,1240,1389,6,0
1,3,1242,556,6,0
1,3,1244,986,6,0
1,3,125,513,-1,1
1,3,1250,1580,6,0
1,3,1258,858,-1,1
1,3,1260,1905,6,0
1,3,1261,1825,6,0
1,3,1264,357,6,0
1,3,1273,1912,-1,1
1,3,1277,1443,6,0
1,3,1279,1504,6,0
1,3,1279,970,6,0
1,3,1282,1497,6,0
1,3,1284,1139,-1,1
1,3,1284,1558,6,0
1,3,1289,1477,-1,1
1,3,1290,1507,6,0
1,3,1298,1515,-1,1
1,3,1299,1568,-1,1
1,3,130,542,-1,1
1,3,1300,1925,-1,1
1,3,1302,1936,6,0
1,3,1305,1757,-1,1
1,3,1307,1068,-1,1
1,3,1308,1356,6,0
1,3,1315,757,2,0
1,3,1315,781,6,0
1,3,1318,1293,-1,1
1,3,1318,1589,6,0
1,3,1318,1785,6,0
1,3,1318,579,6,1
1,3,1321,1681,6,0
1,3,1323,880,-1,1
1,3,1324,1022,-1,1
1,3,1324,1856,6,0
1,3,1325,1878,-1,1
1,3,1326,1354,-1,1
1,3,1327,1412,6,1
1,3,1327,156,6,0
1,3,1328,1894,6,0
1,3,1328,406,6,0
1,3,1328,608,-1,1
1,3,1329,417,6,0
1,3,1332,842,-1,1
1,3,1337,853,-1,1
1,3,1338,1789,-1,1
1,3,1338,440,6,0
1,3,1342,876,6,0
1,3,1343,1631,6,0
1,3,1344,1477,6,0
1,3,1345,1079,-1,1
1,3,1346,228,6,1
1,3,1347,241,6,0
1,3,1348,1810,6,0
1,3,1348,885,6,0
1,3,1349,1701,-1,1
1,3,1349,914,-1,1
1,3,135,513,6,0
1,3,1351,1491,6,1
1,3,1353,1945,6,0
1,3,1353,1959,-1,1
1,3,1355,1027,6,1
1,3,1356,1381,6,1
1,3,1357,1821,6,0
1,3,1358,792,-1,1
1,3,1359,794,-1,1
1,3,136,1726,-1,1
1,3,1360,627,6,0
1,3,1361,688,-1,1
1,3,1365,1000,6,1
1,3,1365,997,-1,1
1,3,1366,896,-1,1
1,3,1367,1334,-1,1
1,3,1370,938,-1,1
1,3,1374,1892,6,0
1,3,1374,1894,6,0
1,3,1374,960,-1,1
1,3,1375,794,-1,1
1,3,1377,1458,6,0
1,3,1377,1460,6,1
1,3,1378,1184,-1,1
1,3,1385,1999,6,0
1,3,1390,305,6,0
1,3,1392,983,-1,1
1,3,1397,1631,6,0
1,3,1398,1532,6,0
1,3,1398,1757,-1,1
1,3,1398,813,-1,1
1,3,1399,981,-1,1
1,3,140,937,-1,1
1,3,1402,1980,6,0
1,3,141,1285,6,0
1,3,1413,1027,-1,1
1,3,1416,879,6,0
1,3,1417,1402,6,1
1,3,1417,211,6,0
1,3,1418,1449,-1,1
1,3,1418,1485,6,0
1,3,1418,506,6,1
1,3,1424,2010,6,0
1,3,1425,909,6,0
1,3,1426,1570,6,0
1,3,1429,1894,6,1
1,3,143,651,6,0
1,3,1433,1670,6,1
1,3,1433,1671,-1,1
1,3,144,1695,6,0
1,3,144,1818,6,1
1,3,1441,1714,6,0
1,3,1443,1585,6,0
1,3,1444,1815,-1,1
1,3,1444,501,6,0
1,3,1446,1495,6,0
1,3,1447,867,6,0
1,3,1447,869,-1,1
1,3,1452,2013,-1,1
1,3,1455,1902,-1,1
1,3,1456,1724,6,0
1,3,1456,54,-1,1
1,3,1457,1636,6,0
1,3,1461,994,6,0
1,3,1464,1052,3,0
1,3,1465,1913,-1,1
1,3,1469,695,6,0
1,3,147,1714,6,0
1,3,1470,1025,-1,1
1,3,1470,1430,6,0
1,3,1470,697,-1,1
1,3,1473,1520,-1,1
1,3,1478,498,1,0
1,3,1479,1087,6,0
1,3,1479,495,6,0
1,3,1483,1853,-1,1
1,3,1486,380,6,0
1,3,1492,400,1,0
1,3,1495,1725,-1,1
1,3,1500,1168,6,0
1,3,1505,1873,6,0
1,3,1505,662,6,0
1,3,1511,995,-1,1
1,3,1515,1180,6,0
1,3,1515,1576,6,0
1,3,1516,1183,-1,1
1,3,152,1153,6,0
1,3,152,1155,-1,1
1,3,152,322,6,0
1,3,1520,1831,6,0
1,3,1521,1833,6,0
1,3,1524,1009,-1,1
1,3,1524,1011,-1,1
1,3,1524,1826,6,0
1,3,1526,1566,6,0
1,3,1528,1056,-1,1
1,3,1528,794,6,0
1,3,1529,1148,-1,1
1,3,153,1798,6,1
1,3,1530,1812,6,0
1,3,1530,530,6,0
1,3,1537,1114,-1,1
1,3,1539,1715,-1,1
1,3,154,2023,6,0
1,3,1546,2009,6,1
1,3,1547,1097,6,0
1,3,155,1036,3,0
1,3,155,1726,6,0
1,3,1550,1311,6,0
1,3,1550,1882,-1,1
1,3,1556,1141,-1,1
1,3,1556,1144,-1,1
1,3,1558,794,2,0
1,3,1561,599,-1,1
1,3,1563,589,-1,1
1,3,1565,613,-1,1
1,3,1566,1077,6,1
1,3,1566,1613,6,0
1,3,1567,1001,-1,1
1,3,1568,474,6,0
1,3,157,275,6,1
1,3,1570,804,6,0
1,3,1574,365,6,0
1,3,1574,456,6,0
1,3,1579,1008,6,0
1,3,1580,1094,6,0
1,3,1584,1808,6,0
1,3,1586,1147,6,0
1,3,1587,1052,-1,1
1,3,1588,1388,-1,1
1,3,1599,222,-1,1
1,3,160,630,6,0
1,3,1600,816,6,0
1,3,1601,814,6,0
1,3,1602,864,-1,1
1,3,1603,1702,6,0
1,3,1605,772,-1,1
1,3,1607,1369,6,0
1,3,1607,710,-1,1
1,3,1609,538,6,0
1,3,1612,1951,6,1
1,3,162,908,6,0
1,3,1620,792,6,0
1,3,1628,682,-1,1
1,3,163,1093,-1,1
1,3,163,1733,6,0
1,3,1635,2008,-1,1
1,3,1638,1656,-1,1
1,3,1638,1896,6,0
1,3,1640,1124,6,0
1,3,1650,1639,-1,1
1,3,1654,1723,-1,1
1,3,1655,1131,6,0
1,3,1656,1781,6,1
1,3,1657,90,6,0
1,3,1659,1672,-1,1
1,3,166,1064,-1,1
1,3,166,1511,6,0
1,3,1665,635,-1,1
1,3,1667,1698,6,0
1,3,1669,1391,-1,1
1,3,1669,398,-1,1
1,3,1673,1768,6,1
1,3,1674,1859,-1,1
1,3,168,1499,6,0
1,3,168,1945,-1,1
1,3,1685,596,6,0
1,3,1693,1429,6,0
1,3,1693,1642,-1,1
1,3,1694,427,6,0
1,3,170,1735,6,0
1,3,1700,1734,6,0
1,3,1705,1454,6,1
1,3,1707,1531,6,0
1,3,1707,1848,6,0
1,3,1708,1673,-1,1
1,3,1710,1209,6,0
1,3,1715,1655,6,1
1,3,1715,1658,-1,1
1,3,1716,641,6,0
1,3,1718,1409,6,0
1,3,1719,1380,-1,1
1,3,172,316,-1,1
1,3,1722,1549,6,0
1,3,173,1130,6,1
1,3,173,313,6,0
1,3,1731,1715,6,0
1,3,1732,1051,6,0
1,3,1733,1366,6,1
1,3,1733,1852,6,0
1,3,1736,329,-1,1
1,3,1737,1908,6,0
1,3,1737,1910,6,1
1,3,1738,1746,6,0
1,3,1741,1058,6,0
1,3,1741,1964,6,0
1,3,1745,1517,-1,1
1,3,1749,326,-1,1
1,3,175,1297,-1,1
1,3,175,933,2,0
1,3,1752,1898,6,0
1,3,1754,153,-1,1
1,3,1754,1910,6,0
1,3,176,1796,6,0
1,3,176,1799,6,0
1,3,1760,992,6,0
1,3,1761,368,6,0
1,3,1761,640,6,0
1,3,1765,1500,3,0
1,3,1765,1625,-1,1
1,3,1765,1893,6,0
1,3,1768,1990,-1,1
1,3,1770,1881,6,0
1,3,1770,1884,6,1
1,3,1774,842,-1,1
1,3,1775,1751,6,0
1,3,1780,1389,6,0
1,3,1788,1753,6,0
1,3,1788,1756,-1,1
1,3,1788,1820,-1,1
1,3,179,1698,6,0
1,3,179,354,-1,1
1,3,179,487,-1,1
1,3,1795,1640,-1,1
1,3,1796,826,-1,1
1,3,1797,829,-1,1
1,3,180,352,6,0
1,3,1805,83,-1,1
1,3,1808,1779,6,0
1,3,1809,1032,6,0
1,3,1814,1474,-1,1
1,3,1819,338,6,0
1,3,1825,1974,6,0
1,3,183,706,-1,1
1,3,1830,1765,6,1
1,3,1831,1862,6,0
1,3,1831,1865,6,1
1,3,1833,1918,6,0
1,3,1839,38,6,0
1,3,184,685,6,0
1,3,184,960,6,0
1,3,1850,1442,-1,1
1,3,1852,87,6,1
1,3,1853,1956,2,0
1,3,1857,1832,6,1
1,3,1862,795,-1,1
1,3,1863,183,6,0
1,3,1866,146,6,0
1,3,187,1540,-1,1
1,3,1870,1847,-1,1
1,3,1875,1757,-1,1
1,3,1876,1978,6,0
1,3,1877,1833,-1,1
1,3,1887,263,6,0
1,3,189,1274,6,0
1,3,1891,1854,-1,1
1,3,1892,972,-1,1
1,3,190,1039,-1,1
1,3,1900,1386,6,0
1,3,1906,1816,-1,1
1,3,1908,305,-1,1
1,3,1908,368,-1,1
1,3,191,1780,6,0
1,3,191,354,6,1
1,3,1914,1373,6,0
1,3,1922,1701,6,0
1,3,1927,1013,6,0
1,3,1928,1707,6,0
1,3,1928,1982,6,0
1,3,1934,2002,6,1
1,3,1936,1365,6,0
1,3,1937,1825,-1,1
1,3,1938,1196,6,0
1,3,1943,1688,6,1
1,3,1944,554,-1,1
1,3,1947,1766,-1,1
1,3,1955,966,2,0
1,3,1956,1416,6,0
1,3,1957,1058,6,0
1,3,1963,1601,-1,1
1,3,1966,1346,6,0
1,3,1969,577,6,0
1,3,197,1571,6,0
1,3,1973,834,-1,1
1,3,1975,185,6,0
1,3,1981,693,6,1
1,3,1983,1354,-1,1
1,3,1983,596,6,0
1,3,1987,1758,6,0
1,3,1988,269,1,0
1,3,1991,1679,6,0
1,3,1992,1751,6,0
1,3,1994,1721,6,1
1,3,1996,1476,6,0
1,3,1996,1915,6,0
1,3,2008,112,6,0
1,3,201,314,-1,1
1,3,201,323,6,0
1,3,2013,1528,6,0
1,3,2015,1759,6,0
1,3,2016,1388,6,0
1,3,2020,1515,-1,1
1,3,2023,683,6,0
1,3,2026,391,6,0
1,3,2031,361,6,1
1,3,2032,1158,6,0
1,3,2032,1159,6,0
1,3,2041,845,-1,1
1,3,2043,1544,6,0
1,3,205,405,6,0
1,3,205,664,6,0
1,3,2057,84,-1,1
1,3,2058,332,-1,1
1,3,206,1179,-1,1
1,3,206,1492,6,0
1,3,206,1542,6,0
1,3,206,266,6,0
1,3,2062,63,-1,1
1,3,2065,1809,6,0
1,3,2065,400,-1,1
1,3,2068,578,-1,1
1,3,2068,580,2,0
1,3,2070,675,6,0
1,3,2072,1784,6,1
1,3,2073,95,-1,1
1,3,2074,141,6,0
1,3,2075,1830,6,0
1,3,2077,125,6,0
1,3,208,1038,-1,1
1,3,2080,152,6,0
1,3,216,790,-1,1
1,3,218,1112,6,0
1,3,219,1804,6,1
1,3,220,1725,-1,1
1,3,222,711,-1,1
1,3,224,1128,-1,1
1,3,227,405,2,0
1,3,233,588,-1,1
1,3,235,477,6,0
1,3,235,767,6,0
1,3,236,996,6,0
1,3,237,1093,4,0
1,3,238,2030,6,1
1,3,241,1103,6,0
1,3,242,981,-1,1
1,3,248,1068,6,0
1,3,248,129,-1,1
1,3,249,1052,6,1
1,3,249,521,6,0
1,3,250,2015,-1,1
1,3,251,240,-1,1
1,3,251,458,6,0
1,3,254,1397,6,0
1,3,256,989,-1,1
1,3,257,54,-1,1
1,3,258,225,6,0
1,3,259,1097,6,1
1,3,264,1449,6,1
1,3,268,455,6,0
1,3,272,643,-1,1
1,3,276,1208,-1,1
1,3,279,1138,6,0
1,3,279,1140,6,1
1,3,280,1102,6,0
1,3,280,1494,6,0
1,3,282,1003,6,0
1,3,283,890,-1,1
1,3,287,713,-1,1
1,3,288,634,6,0
1,3,289,781,6,1
1,3,289,844,6,0
1,3,289,846,6,0
1,3,290,616,6,0
1,3,291,389,6,0
1,3,303,913,6,0
1,3,305,455,-1,1
1,3,307,1207,-1,1
1,3,307,1209,6,0
1,3,308,1882,6,0
1,3,315,1025,-1,1
1,3,320,326,-1,1
1,3,321,421,6,0
1,3,322,1276,3,0
1,3,323,680,-1,1
1,3,325,1951,6,0
1,3,326,1625,6,0
1,3,327,1928,-1,1
1,3,327,830,-1,1
1,3,333,1472,6,0
1,3,334,771,-1,1
1,3,338,540,6,0
1,3,338,676,6,0
1,3,340,416,6,0
1,3,340,453,6,0
1,3,342,1959,6,0
1,3,344,1069,6,0
1,3,344,1213,6,0
1,3,346,1061,6,0
1,3,349,1008,-1,1
1,3,349,1953,6,0
1,3,349,473,-1,1
1,3,353,248,-1,1
1,3,353,707,6,1
1,3,354,771,6,1
1,3,356,847,-1,1
1,3,356,849,-1,1
1,3,358,574,-1,1
1,3,358,722,-1,1
1,3,361,1279,6,0
1,3,361,206,6,0
1,3,362,205,6,0
1,3,367,805,-1,1
1,3,368,779,6,0
1,3,371,1130,6,0
1,3,376,782,-1,1
1,3,381,1899,6,0
1,3,381,386,6,0
1,3,384,331,2,0
1,3,385,726,-1,1
1,3,393,668,-1,1
1,3,394,608,-1,1
1,3,401,2010,2,0
1,3,408,347,-1,1
1,3,409,1118,6,0
1,3,409,345,6,0
1,3,410,1118,6,0
1,3,411,903,-1,1
1,3,414,1484,6,0
1,3,414,813,-1,1
1,3,415,1980,6,0
1,3,415,224,6,0
1,3,419,855,-1,1
1,3,419,904,6,0
1,3,420,1680,6,0
1,3,421,651,6,0
1,3,422,424,6,1
1,3,424,639,6,1
1,3,427,64,-1,1
1,3,430,897,-1,1
1,3,431,895,-1,1
1,3,431,914,6,1
1,3,432,1762,6,0
1,3,438,965,6,0
1,3,441,653,-1,1
1,3,441,655,-1,1
1,3,444,916,6,0
1,3,446,1977,-1,1
1,3,446,2035,2,0
1,3,449,1988,6,0
1,3,454,169,6,0
1,3,454,938,6,0
1,3,455,707,-1,1
1,3,456,1783,6,0
1,3,456,908,-1,1
1,3,458,742,-1,1
1,3,462,1066,-1,1
1,3,462,753,-1,1
1,3,463,298,-1,1
1,3,468,1214,-1,1
1,3,469,599,6,1
1,3,471,1130,6,1
1,3,471,1132,-1,1
1,3,472,436,6,1
1,3,478,755,6,0
1,3,479,896,6,1
1,3,480,1621,6,0
1,3,480,984,-1,1
1,3,484,1061,6,0
1,3,486,264,6,0
1,3,487,1785,6,1
1,3,491,567,6,0
1,3,497,307,-1,1
1,3,501,1152,-1,1
1,3,503,764,6,0
1,3,506,287,6,0
1,3,507,806,6,0
1,3,507,808,6,1
1,3,508,404,-1,1
1,3,508,430,6,0
1,3,508,586,6,0
1,3,514,381,-1,1
1,3,514,950,-1,1
1,3,522,1741,6,0
1,3,522,1763,6,0
1,3,522,373,-1,1
1,3,523,585,6,0
1,3,523,866,-1,1
1,3,525,839,6,0
1,3,526,1123,-1,1
1,3,527,992,-1,1
1,3,529,981,6,0
1,3,534,1372,-1,1
1,3,535,1157,6,0
1,3,542,392,-1,1
1,3,545,725,-1,1
1,3,546,1431,-1,1
1,3,548,1777,6,0
1,3,551,492,6,0
1,3,553,398,6,0
1,3,560,1691,6,0
1,3,562,1379,-1,1
1,3,562,1381,6,0
1,3,562,1656,6,0
1,3,564,1506,-1,1
1,3,565,1508,-1,1
1,3,571,1328,-1,1
1,3,571,1330,6,1
1,3,583,1741,2,0
1,3,585,1365,6,0
1,3,590,303,6,0
1,3,591,1178,6,0
1,3,593,1349,6,0
1,3,597,789,6,0
1,3,600,178,4,0
1,3,602,1323,-1,1
1,3,603,2007,-1,1
1,3,604,1693,6,0
1,3,609,1337,-1,1
1,3,612,613,6,0
1,3,613,445,6,0
1,3,615,1184,6,0
1,3,616,526,6,0
1,3,617,1516,6,0
1,3,618,765,6,0
1,3,622,1787,-1,1
1,3,623,331,-1,1
1,3,624,329,6,1
1,3,624,497,6,0
1,3,627,1327,6,0
1,3,628,2010,6,0
1,3,628,242,6,0
1,3,629,240,-1,1
1,3,632,117,-1,1
1,3,634,1486,6,0
1,3,634,1488,-1,1
1,3,634,260,6,0
1,3,636,563,6,0
1,3,642,2002,-1,1
1,3,644,286,-1,1
1,3,644,563,6,0
1,3,645,733,6,1
1,3,646,1968,6,0
1,3,650,1811,-1,1
1,3,652,1133,6,0
1,3,654,352,6,0
1,3,657,1310,6,0
1,3,658,946,6,0
1,3,659,1464,-1,1
1,3,663,566,6,0
1,3,667,1822,6,0
1,3,667,768,6,0
1,3,669,1637,6,0
1,3,671,1619,6,0
1,3,671,469,-1,1
1,3,672,568,6,0
1,3,674,565,6,0
1,3,677,1684,-1,1
1,3,680,577,6,0
1,3,683,1256,6,0
1,3,687,1815,-1,1
1,3,687,1903,-1,1
1,3,688,324,-1,1
1,3,689,489,-1,1
1,3,691,763,6,1
1,3,694,2009,-1,1
1,3,695,1428,6,0
1,3,695,454,6,1
1,3,696,452,6,0
1,3,698,255,6,0
1,3,699,619,-1,1
1,3,700,1129,6,0
1,3,701,1253,6,0
1,3,701,2004,6,1
1,3,709,108,6,0
1,3,710,1195,2,0
1,3,711,508,6,0
1,3,714,828,6,0
1,3,718,288,-1,1
1,3,719,287,-1,1
1,3,719,398,6,0
1,3,72,845,6,0
1,3,720,2007,-1,1
1,3,723,1800,6,0
1,3,728,721,6,0
1,3,729,1970,6,1
1,3,729,732,-1,1
1,3,73,844,-1,1
1,3,730,1275,6,0
1,3,733,1381,6,0
1,3,734,275,6,0
1,3,734,436,6,0
1,3,734,648,-1,1
1,3,744,1894,6,0
1,3,750,1755,6,0
1,3,751,1037,6,0
1,3,751,763,-1,1
1,3,752,560,-1,1
1,3,756,1181,-1,1
1,3,763,492,6,0
1,3,764,1043,6,1
1,3,767,324,6,0
1,3,769,199,6,0
1,3,774,1159,6,0
1,3,774,491,6,0
1,3,780,234,6,0
1,3,783,1636,6,0
1,3,787,1913,6,1
1,3,788,526,-1,1
1,3,789,1160,2,0
1,3,792,1685,6,0
1,3,793,506,-1,1
1,3,796,569,6,0
1,3,797,1664,-1,1
1,3,799,728,6,0
1,3,80,502,6,0
1,3,800,1069,-1,1
1,3,803,360,6,0
1,3,809,1723,6,0
1,3,811,545,6,0
1,3,816,1439,6,0
1,3,817,693,6,0
1,3,818,499,-1,1
1,3,819,1451,6,0
1,3,826,38,-1,1
1,3,827,691,6,1
1,3,830,1347,6,0
1,3,831,1677,6,0
1,3,838,1792,6,0
1,3,841,1596,-1,1
1,3,842,588,6,0
1,3,850,555,6,0
1,3,851,676,6,0
1,3,852,800,6,0
1,3,856,1657,6,1
1,3,856,2010,6,0
1,3,858,533,-1,1
1,3,858,612,-1,1
1,3,860,1812,6,0
1,3,865,397,-1,1
1,3,866,1835,6,0
1,3,866,394,-1,1
1,3,868,1938,-1,1
1,3,870,1633,6,0
1,3,872,1917,-1,1
1,3,874,1143,6,0
1,3,875,1797,6,0
1,3,875,1798,-1,1
1,3,88,1183,-1,1
1,3,880,1663,-1,1
1,3,883,1858,6,1
1,3,886,382,6,0
1,3,89,1495,6,0
1,3,901,1798,6,0
1,3,903,1033,-1,1
1,3,909,1774,6,1
1,3,909,493,6,1
1,3,920,286,-1,1
1,3,923,657,2,0
1,3,924,1590,-1,1
1,3,925,2000,6,0
1,3,926,1278,6,0
1,3,933,1776,6,0
1,3,936,1393,6,0
1,3,937,789,-1,1
1,3,94,1598,6,1
1,3,948,212,6,0
1,3,953,109,6,1
1,3,956,1752,6,0
1,3,956,1847,6,0
1,3,956,411,6,0
1,3,959,1598,-1,1
1,3,96,1746,6,0
1,3,960,1599,-1,1
1,3,965,1673,-1,1
1,3,966,1244,6,0
1,3,97,1615,-1,1
1,3,971,974,-1,1
1,3,972,535,6,0
1,3,981,1642,-1,1
1,3,985,1259,6,0
1,3,987,88,6,0
1,3,990,570,-1,1
1,3,992,1641,-1,1
1,3,992,1847,6,0
1,3,994,1916,-1,1
1,3,995,1604,-1,1
1,3,995,1928,6,0
1,3,996,322,6,0
1,3,999,1442,6,0
1,3,999,1825,-1,1
1,3,999,1827,-1,1
1,4,100,1706,-1,1
1,4,100,1709,6,0
1,4,1006,1286,-1,1
1,4,1015,1744,6,0
1,4,1019,1854,-1,1
1,4,1028,834,6,0
1,4,1034,49,-1,1
1,4,1035,46,-1,1
1,4,104,1746,6,0
1,4,1042,999,6,0
1,4,1047,159,6,0
1,4,1049,219,6,0
1,4,1054,1757,6,0
1,4,1061,1207,6,1
1,4,1063,1509,6,1
1,4,1067,967,-1,1
1,4,1070,808,6,0
1,4,1071,1893,-1,1
1,4,1072,609,6,0
1,4,1078,1362,6,0
1,4,108,452,6,0
1,4,1090,1009,6,0
1,4,1094,1873,-1,1
1,4,1107,1145,0,0
1,4,1110,1882,3,0
1,4,1117,676,6,0
1,4,1119,1000,6,0
1,4,1124,1680,-1,1
1,4,1126,460,6,0
1,4,1127,564,6,0
1,4,1129,734,6,0
1,4,1131,1133,-1,1
1,4,1134,1626,6,1
1,4,114,54,-1,1
1,4,114,915,6,0
1,4,1141,1824,6,0
1,4,1141,424,2,0
1,4,1145,1007,6,0
1,4,1148,764,-1,1
1,4,1154,1086,6,0
1,4,1155,1764,-1,1
1,4,1171,1756,-1,1
1,4,1179,1964,-1,1
1,4,1182,1570,-1,1
1,4,1184,951,6,0
1,4,1190,668,-1,1
1,4,1192,2020,-1,1
1,4,1195,580,6,0
1,4,1197,369,6,0
1,4,1199,1129,-1,1
1,4,120,1791,6,0
1,4,1201,1919,6,1
1,4,1207,746,6,1
1,4,1210,580,6,0
1,4,1211,1044,-1,1
1,4,1213,1360,-1,1
1,4,1216,1650,-1,1
1,4,123,1427,6,0
1,4,1241,667,-1,1
1,4,1244,748,6,0
1,4,1245,201,6,0
1,4,1248,1840,6,0
1,4,1249,1057,-1,1
1,4,1257,1212,6,0
1,4,1259,729,-1,1
1,4,126,1687,-1,1
1,4,126,1690,6,0
1,4,1262,1510,-1,1
1,4,1267,1295,6,0
1,4,127,1281,6,0
1,4,1270,807,6,0
1,4,1278,1003,-1,1
1,4,1278,1174,6,0
1,4,1278,227,-1,1
1,4,1286,2030,6,0
1,4,1286,95,6,0
1,4,1288,642,6,0
1,4,1290,1674,-1,1
1,4,1290,1799,-1,1
1,4,1292,1190,6,0
1,4,1294,731,6,0
1,4,1295,1977,6,0
1,4,1297,584,6,1
1,4,130,1721,-1,1
1,4,1301,77,6,0
1,4,1302,1431,6,0
1,4,1302,1842,6,0
1,4,1302,483,6,0
1,4,1310,424,6,0
1,4,1312,1824,6,0
1,4,1318,693,6,0
1,4,1318,732,-1,1
1,4,1319,584,-1,1
1,4,132,1842,6,0
1,4,1330,1685,2,0
1,4,1334,2041,2,0
1,4,1341,524,-1,1
1,4,1343,526,6,0
1,4,1347,1957,6,0
1,4,1348,1128,6,0
1,4,1354,543,-1,1
1,4,1358,848,6,0
1,4,1363,457,-1,1
1,4,1364,1724,6,0
1,4,137,1962,6,0
1,4,1373,1936,6,1
1,4,1376,858,-1,1
1,4,1377,242,6,0
1,4,138,888,6,0
1,4,1387,2010,6,0
1,4,139,1311,-1,1
1,4,1403,623,6,0
1,4,1405,1883,6,0
1,4,1407,324,6,0
1,4,1410,744,-1,1
1,4,1411,1939,-1,1
1,4,1419,1934,6,1
1,4,1421,1661,1,0
1,4,1423,451,6,0
1,4,1427,1138,6,0
1,4,1428,1990,-1,1
1,4,1433,1128,6,0
1,4,1441,788,-1,1
1,4,1442,936,6,0
1,4,1448,1891,-1,1
1,4,1455,1766,-1,1
1,4,146,232,6,0
1,4,1467,2007,-1,1
1,4,1468,653,6,1
1,4,1473,121,-1,1
1,4,1476,435,-1,1
1,4,1478,1380,6,0
1,4,1481,1403,2,0
1,4,1481,634,6,1
1,4,1483,1887,6,0
1,4,1485,416,6,0
1,4,149,1935,6,1
1,4,149,1946,-1,1
1,4,149,203,6,0
1,4,1490,293,6,1
1,4,1494,452,-1,1
1,4,150,1998,6,1
1,4,1508,478,-1,1
1,4,151,2019,6,0
1,4,1516,591,-1,1
1,4,1523,87,-1,1
1,4,153,247,-1,1
1,4,1531,95,-1,1
1,4,1539,1694,-1,1
1,4,1544,558,-1,1
1,4,1544,676,6,1
1,4,1544,713,-1,1
1,4,1545,1843,-1,1
1,4,1545,712,-1,1
1,4,1548,504,-1,1
1,4,1549,36,6,1
1,4,1549,635,-1,1
1,4,1566,1137,6,0
1,4,1577,588,-1,1
1,4,1578,487,-1,1
1,4,158,715,6,0
1,4,158,860,-1,1
1,4,1581,722,6,1
1,4,159,1609,6,0
1,4,159,1660,6,0
1,4,159,306,6,0
1,4,1596,379,-1,1
1,4,1603,640,6,0
1,4,1605,468,-1,1
1,4,1605,469,6,0
1,4,1606,471,6,1
1,4,1608,669,-1,1
1,4,1613,840,6,0
1,4,1617,1043,6,0
1,4,1625,290,1,0
1,4,1626,1344,6,0
1,4,1626,291,-1,1
1,4,1634,428,-1,1
1,4,1649,897,1,0
1,4,1651,1250,3,0
1,4,1652,622,1,0
1,4,166,1952,-1,1
1,4,166,364,6,0
1,4,1661,734,6,0
1,4,1665,1932,-1,1
1,4,1666,261,6,0
1,4,168,260,-1,1
1,4,1680,1014,6,0
1,4,1680,389,1,0
1,4,1687,540,-1,1
1,4,1688,347,6,1
1,4,1691,514,-1,1
1,4,1692,533,6,0
1,4,1697,1721,-1,1
1,4,1716,1036,6,0
1,4,1716,60,3,0
1,4,1717,384,6,0
1,4,1718,386,6,1
1,4,172,1406,-1,1
1,4,172,1409,6,0
1,4,1732,1143,-1,1
1,4,175,981,-1,1
1,4,1759,1138,1,0
1,4,1762,577,-1,1
1,4,1762,994,6,0
1,4,1766,736,1,0
1,4,177,1768,6,1
1,4,1770,650,6,0
1,4,1771,95,6,0
1,4,1784,1116,6,1
1,4,1784,973,6,1
1,4,1790,160,-1,1
1,4,1803,982,6,1
1,4,182,625,-1,1
1,4,182,728,6,0
1,4,1821,356,6,0
1,4,1838,593,-1,1
1,4,186,1987,6,1
1,4,1872,235,-1,1
1,4,1872,543,-1,1
1,4,188,1693,6,0
1,4,188,915,6,0
1,4,1910,853,-1,1
1,4,1914,318,3,0
1,4,1917,1391,6,0
1,4,1918,864,6,0
1,4,1937,870,6,0
1,4,1943,458,6,0
1,4,1946,426,0,0
1,4,1949,146,6,0
1,4,1954,744,6,0
1,4,1959,1587,6,1
1,4,1960,314,-1,1
1,4,1964,287,6,0
1,4,1970,1180,-1,1
1,4,1971,783,-1,1
1,4,1972,181,6,1
1,4,1974,357,-1,1
1,4,1984,696,6,0
1,4,199,2020,-1,1
1,4,1993,329,6,0
1,4,1994,748,6,0
1,4,2001,426,-1,1
1,4,2007,1558,-1,1
1,4,2007,768,-1,1
1,4,2012,258,6,1
1,4,2013,717,6,1
1,4,2019,337,-1,1
1,4,2029,928,6,0
1,4,203,115,6,0
1,4,203,1751,-1,1
1,4,2041,683,-1,1
1,4,2041,911,-1,1
1,4,2042,1014,-1,1
1,4,2049,1082,-1,1
1,4,2051,1060,-1,1
1,4,2051,1285,-1,1
1,4,2061,1593,-1,1
1,4,2066,1243,-1,1
1,4,2067,1765,-1,1
1,4,2069,1159,6,1
1,4,2075,1155,6,0
1,4,208,1996,6,0
1,4,2083,1519,6,1
1,4,209,1487,2,0
1,4,212,45,6,0
1,4,213,81,-1,1
1,4,214,594,6,0
1,4,215,1569,6,0
1,4,217,482,6,0
1,4,219,1750,-1,1
1,4,220,1554,-1,1
1,4,220,172,6,0
1,4,221,148,6,0
1,4,221,2025,6,0
1,4,226,132,6,1
1,4,228,1146,6,0
1,4,228,1270,6,0
1,4,231,1601,-1,1
1,4,231,52,6,0
1,4,232,1363,6,0
1,4,232,1475,6,0
1,4,232,1819,-1,1
1,4,239,134,6,0
1,4,241,58,6,0
1,4,244,1489,-1,1
1,4,248,1786,6,0
1,4,249,207,6,0
1,4,250,104,6,0
1,4,250,433,6,0
1,4,257,1996,-1,1
1,4,257,615,2,0
1,4,258,1154,-1,1
1,4,259,76,6,0
1,4,262,281,6,0
1,4,264,865,-1,1
1,4,265,1917,-1,1
1,4,271,105,6,0
1,4,272,1917,-1,1
1,4,273,1916,-1,1
1,4,275,1561,6,0
1,4,276,274,6,0
1,4,283,338,-1,1
1,4,284,1657,6,0
1,4,285,684,6,0
1,4,286,898,6,0
1,4,288,1678,-1,1
1,4,288,1936,-1,1
1,4,292,2025,6,1
1,4,294,1527,-1,1
1,4,297,1403,-1,1
1,4,303,1873,-1,1
1,4,304,968,-1,1
1,4,309,1929,6,1
1,4,313,698,-1,1
1,4,316,1416,-1,1
1,4,316,1520,6,0
1,4,323,1412,6,0
1,4,324,1149,6,1
1,4,331,1575,-1,1
1,4,334,1663,-1,1
1,4,336,215,6,0
1,4,336,427,-1,1
1,4,337,651,6,0
1,4,341,478,-1,1
1,4,347,1509,6,0
1,4,352,1565,-1,1
1,4,352,1687,-1,1
1,4,358,197,6,1
1,4,359,58,6,0
1,4,360,1756,-1,1
1,4,360,96,6,1
1,4,362,609,6,0
1,4,362,940,-1,1
1,4,365,1501,6,0
1,4,368,1201,6,0
1,4,368,1677,-1,1
1,4,368,1680,6,0
1,4,372,1738,6,0
1,4,372,2011,6,0
1,4,372,665,6,0
1,4,373,1310,6,1
1,4,373,935,6,0
1,4,378,1622,6,0
1,4,381,1975,6,1
1,4,382,1135,6,1
1,4,382,133,6,0
1,4,383,1137,-1,1
1,4,384,1665,6,0
1,4,387,525,-1,1
1,4,392,1227,-1,1
1,4,396,1547,-1,1
1,4,400,673,4,0
1,4,401,1623,6,0
1,4,401,1953,-1,1
1,4,401,1956,-1,1
1,4,405,165,6,1
1,4,405,169,6,0
1,4,405,1831,6,1
1,4,406,1773,6,0
1,4,407,1778,6,1
1,4,408,1125,6,1
1,4,408,1127,6,0
1,4,409,1415,6,1
1,4,415,230,6,0
1,4,415,459,6,0
1,4,417,1374,6,0
1,4,417,1940,-1,1
1,4,419,1124,-1,1
1,4,427,1689,6,1
1,4,428,1271,6,0
1,4,428,538,-1,1
1,4,431,1779,-1,1
1,4,443,928,2,0
1,4,445,1071,6,1
1,4,446,382,6,0
1,4,447,638,-1,1
1,4,454,1923,-1,1
1,4,457,1922,6,1
1,4,459,1325,6,1
1,4,459,677,-1,1
1,4,463,296,6,0
1,4,464,1484,6,0
1,4,465,1942,-1,1
1,4,467,272,6,0
1,4,469,1343,6,0
1,4,472,1783,-1,1
1,4,472,860,-1,1
1,4,489,1241,6,0
1,4,491,1444,6,1
1,4,493,1213,-1,1
1,4,493,1215,2,0
1,4,495,1351,6,0
1,4,497,1221,6,1
1,4,509,1247,6,1
1,4,509,230,6,0
1,4,512,954,6,0
1,4,518,1159,6,0
1,4,519,843,6,0
1,4,521,1418,6,0
1,4,522,1731,6,1
1,4,523,484,6,0
1,4,526,868,-1,1
1,4,527,1650,-1,1
1,4,529,548,6,0
1,4,533,1635,6,0
1,4,533,673,-1,1
1,4,539,1685,-1,1
1,4,544,1679,-1,1
1,4,544,1848,-1,1
1,4,550,1878,-1,1
1,4,555,599,-1,1
1,4,562,1192,-1,1
1,4,564,424,-1,1
1,4,57,1126,6,0
1,4,570,634,6,1
1,4,573,1671,6,0
1,4,574,1786,6,0
1,4,576,1787,6,0
1,4,576,1895,6,0
1,4,578,657,6,1
1,4,582,1350,6,1
1,4,584,1804,-1,1
1,4,598,1298,-1,1
1,4,601,1288,6,1
1,4,602,1325,-1,1
1,4,61,1305,6,0
1,4,612,1031,6,0
1,4,612,873,6,0
1,4,613,1630,-1,1
1,4,613,82,6,0
1,4,614,1776,6,0
1,4,618,686,0,0
1,4,630,1754,-1,1
1,4,641,1761,6,0
1,4,643,1964,6,0
1,4,645,461,-1,1
1,4,650,677,6,0
1,4,653,1922,-1,1
1,4,655,1760,6,1
1,4,656,1976,-1,1
1,4,661,1754,6,0
1,4,661,417,6,0
1,4,661,890,6,0
1,4,665,71,6,0
1,4,665,941,6,0
1,4,686,1892,6,0
1,4,689,1442,-1,1
1,4,692,1036,6,0
1,4,694,1885,-1,1
1,4,694,1929,-1,1
1,4,703,1101,6,0
1,4,711,1080,6,0
1,4,714,1860,-1,1
1,4,717,1152,1,0
1,4,719,1264,-1,1
1,4,723,1790,6,0
1,4,724,868,6,0
1,4,728,582,2,0
1,4,730,1839,-1,1
1,4,734,1401,3,0
1,4,734,1786,6,1
1,4,738,1441,-1,1
1,4,740,1449,-1,1
1,4,743,1076,6,0
1,4,745,1230,-1,1
1,4,745,1971,-1,1
1,4,748,2023,-1,1
1,4,749,1062,3,0
1,4,749,1800,6,1
1,4,750,2026,-1,1
1,4,752,325,6,0
1,4,754,44,-1,1
1,4,759,779,6,0
1,4,762,1927,6,1
1,4,764,354,6,0
1,4,764,356,6,0
1,4,765,634,6,0
1,4,79,366,6,1
1,4,793,963,6,0
1,4,796,1488,6,0
1,4,796,295,6,0
1,4,803,1516,6,1
1,4,805,1730,6,1
1,4,809,839,6,1
1,4,81,1295,6,0
1,4,81,1627,-1,1
1,4,813,1897,-1,1
1,4,818,1079,-1,1
1,4,820,1681,6,1
1,4,822,1363,-1,1
1,4,830,1154,6,0
1,4,830,732,6,1
1,4,831,853,6,0
1,4,832,1781,6,0
1,4,835,1001,-1,1
1,4,837,837,6,0
1,4,843,1125,6,1
1,4,845,1656,-1,1
1,4,846,384,6,0
1,4,848,312,6,0
1,4,85,1301,2,0
1,4,85,1372,6,0
1,4,850,1571,6,0
1,4,854,1441,6,1
1,4,854,1856,6,1
1,4,857,1654,6,0
1,4,858,1252,6,0
1,4,862,1094,6,0
1,4,867,2013,-1,1
1,4,868,790,6,0
1,4,871,558,-1,1
1,4,874,430,6,0
1,4,878,1277,6,0
1,4,884,960,6,0
1,4,885,990,6,0
1,4,889,1091,-1,1
1,4,889,2013,-1,1
1,4,897,1609,6,1
1,4,904,1212,6,0
1,4,905,1132,1,0
1,4,906,1812,-1,1
1,4,908,292,6,0
1,4,910,1286,2,0
1,4,914,1838,6,0
1,4,915,1615,6,1
1,4,922,1101,6,0
1,4,926,1852,6,0
1,4,927,1548,6,0
1,4,927,402,6,0
1,4,93,1289,6,0
1,4,931,1494,6,1
1,4,931,1901,6,0
1,4,936,40,-1,1
1,4,946,588,6,1
1,4,948,1192,-1,1
1,4,950,1861,6,0
1,4,959,377,6,0
1,4,97,1262,6,1
1,4,970,198,-1,1
1,4,974,2004,-1,1
1,4,979,161,-1,1
1,4,98,928,6,0
1,4,985,2024,-1,1
1,4,99,1930,6,0
1,4,990,845,2,0
1,4,994,1764,6,0
2,1,1065,1689,6,1
2,1,1095,469,6,0
2,1,1145,1145,6,0
2,1,1192,1674,-1,1
2,1,1285,1708,6,0
2,1,208,68,6,0
2,1,222,559,6,0
2,1,252,2010,6,0
2,1,305,220,6,0
2,1,512,1762,6,1
2,1,616,1140,6,0
2,1,650,74,6,0
2,1,898,636,6,1
2,2,1523,1342,-1,1
2,2,1598,1808,6,0
2,2,1641,1969,-1,1
2,2,1702,1349,6,0
2,2,1720,1851,6,0
2,2,1740,1536,6,0
2,2,1832,1878,6,0
2,2,1927,1505,6,0
2,2,2059,1579,-1,1
2,2,239,1952,-1,1
2,2,308,70,6,0
2,2,738,2032,-1,1
2,3,1018,209,6,0
2,3,104,540,6,0
2,3,1048,91,6,0
2,3,106,179,6,0
2,3,1068,350,6,0
2,3,111,269,6,0
2,3,1125,474,-1,1
2,3,1128,587,6,0
2,3,113,1167,6,0
2,3,1139,242,6,0
2,3,1141,533,6,0
2,3,1150,114,6,0
2,3,1161,935,6,0
2,3,1164,779,6,0
2,3,117,186,6,0
2,3,1174,1217,6,0
2,3,119,1260,6,0
2,3,122,447,6,0
2,3,122,919,-1,1
2,3,1220,899,6,0
2,3,124,247,6,0
2,3,127,287,6,0
2,3,1277,309,0,0
2,3,1299,504,-1,1
2,3,132,1023,-1,1
2,3,1322,293,2,0
2,3,1339,146,6,0
2,3,1357,330,-1,1
2,3,136,346,-1,1
2,3,137,1314,6,0
2,3,1397,144,6,0
2,3,1406,738,2,0
2,3,1420,131,6,0
2,3,1428,437,6,0
2,3,143,247,6,0
2,3,144,530,6,0
2,3,1445,143,6,0
2,3,1446,1129,6,0
2,3,1478,1091,6,0
2,3,148,1103,6,0
2,3,149,1444,6,0
2,3,150,135,6,0
2,3,158,840,6,0
2,3,1590,131,6,0
2,3,160,44,6,1
2,3,1601,595,-1,1
2,3,1624,1012,6,0
2,3,1637,1230,6,0
2,3,166,711,6,0
2,3,166,861,-1,1
2,3,1686,647,-1,1
2,3,1698,472,-1,1
2,3,172,429,6,0
2,3,1756,49,6,0
2,3,1761,1034,6,0
2,3,1778,1911,6,0
2,3,179,331,6,1
2,3,180,465,6,0
2,3,181,867,6,0
2,3,1814,422,-1,1
2,3,1824,38,6,0
2,3,187,1882,-1,1
2,3,1897,41,-1,1
2,3,193,1526,6,1
2,3,199,765,6,0
2,3,1992,944,6,0
2,3,2018,117,-1,1
2,3,209,1024,6,0
2,3,229,39,6,0
2,3,240,442,6,0
2,3,248,917,-1,1
2,3,249,289,6,0
2,3,250,647,6,0
2,3,261,40,6,0
2,3,268,165,6,0
2,3,273,776,6,0
2,3,281,951,6,0
2,3,282,122,6,0
2,3,282,124,6,0
2,3,287,1473,6,0
2,3,287,716,6,0
2,3,290,1638,6,0
2,3,292,517,6,0
2,3,295,655,6,0
2,3,299,272,6,0
2,3,300,824,6,0
2,3,303,422,6,0
2,3,304,853,6,0
2,3,305,759,-1,1
2,3,314,559,6,0
2,3,321,279,6,0
2,3,321,76,-1,1
2,3,323,542,6,0
2,3,326,1614,6,0
2,3,339,326,6,0
2,3,340,324,6,0
2,3,340,692,6,0
2,3,349,775,6,0
2,3,358,74,6,0
2,3,363,334,-1,1
2,3,369,415,6,0
2,3,374,1993,6,0
2,3,377,836,6,1
2,3,383,404,6,0
2,3,384,497,-1,1
2,3,385,112,-1,1
2,3,389,516,6,0
2,3,394,425,6,0
2,3,397,1040,6,0
2,3,408,315,6,0
2,3,414,837,6,0
2,3,416,200,6,0
2,3,416,202,6,0
2,3,420,1089,6,0
2,3,420,250,-1,1
2,3,422,160,6,0
2,3,422,167,6,0
2,3,428,377,6,0
2,3,428,627,-1,1
2,3,431,321,6,0
2,3,434,196,6,1
2,3,434,886,-1,1
2,3,436,308,6,0
2,3,440,168,6,1
2,3,440,479,-1,1
2,3,443,1407,6,0
2,3,445,1984,6,1
2,3,446,701,6,0
2,3,447,305,6,0
2,3,449,1144,6,1
2,3,453,141,6,0
2,3,482,1330,6,1
2,3,491,327,-1,1
2,3,496,250,6,0
2,3,506,336,-1,1
2,3,512,376,6,0
2,3,515,242,6,0
2,3,526,676,2,0
2,3,527,734,-1,1
2,3,556,628,6,0
2,3,560,1428,-1,1
2,3,566,933,6,0
2,3,570,634,6,0
2,3,580,715,-1,1
2,3,581,488,6,0
2,3,600,303,6,0
2,3,603,225,6,0
2,3,604,633,-1,1
2,3,615,564,6,0
2,3,637,1392,6,0
2,3,64,803,6,1
2,3,658,667,6,0
2,3,661,248,6,0
2,3,667,660,-1,1
2,3,667,663,6,1
2,3,667,811,-1,1
2,3,670,779,6,0
2,3,678,301,6,0
2,3,678,900,6,0
2,3,680,492,0,0
2,3,685,575,6,0
2,3,689,276,6,0
2,3,69,1514,6,0
2,3,706,635,2,0
2,3,710,428,6,0
2,3,715,97,6,1
2,3,718,614,6,0
2,3,727,1072,-1,1
2,3,735,210,6,0
2,3,741,231,-1,1
2,3,741,47,6,1
2,3,742,229,6,0
2,3,756,503,6,0
2,3,769,249,6,0
2,3,780,430,6,0
2,3,784,785,6,0
2,3,79,1971,6,1
2,3,798,1723,6,0
2,3,798,600,6,0
2,3,806,430,6,0
2,3,813,448,-1,1
2,3,817,719,6,0
2,3,82,1138,6,0
2,3,83,844,6,0
2,3,835,94,6,0
2,3,856,1211,6,0
2,3,862,932,6,0
2,3,869,427,6,0
2,3,871,1076,6,0
2,3,887,1388,6,0
2,3,891,569,6,0
2,3,903,284,-1,1
2,3,904,40,6,0
2,3,909,715,-1,1
2,3,915,590,6,0
2,3,958,241,6,0
2,3,962,46,6,0
2,3,97,105,6,0
2,3,971,1407,6,0
2,3,972,1057,6,0
2,3,975,740,-1,1
2,3,982,214,6,0
2,3,988,534,-1,1
2,4,1010,513,6,0
2,4,1279,1662,6,0
2,4,1324,135,6,0
2,4,139,185,6,0
2,4,1651,214,-1,1
2,4,261,1510,6,0
2,4,319,1266,6,0
2,4,338,64,6,0
2,4,432,671,-1,1
2,4,442,950,6,0
2,4,484,553,-1,1
2,4,493,155,6,1
2,4,497,386,6,0
2,4,514,36,-1,1
2,4,643,536,-1,1
2,4,656,608,6,1
2,4,715,431,-1,1
2,4,775,517,-1,1
3,1,1424,255,-1,1
3,1,1735,1428,6,1
3,1,1767,2022,6,0
3,1,1795,124,6,0
3,1,1865,2014,6,0
3,1,1930,1553,2,0
3,1,1998,1793,-1,1
3,1,2045,1837,-1,1
3,1,646,1028,6,1
3,2,1005,1398,-1,1
3,2,1007,988,6,0
3,2,1027,1686,6,0
3,2,1033,2004,6,0
3,2,1054,1678,-1,1
3,2,1055,850,6,0
3,2,1078,1505,-1,1
3,2,1086,1320,6,0
3,2,1093,1873,6,0
3,2,1182,1192,6,0
3,2,1186,1301,-1,1
3,2,1226,1970,6,0
3,2,1230,1537,2,0
3,2,1237,1859,6,0
3,2,1248,1788,6,0
3,2,1253,1473,6,0
3,2,1287,1367,6,0
3,2,1301,1075,6,0
3,2,1321,1261,6,0
3,2,1329,1871,6,0
3,2,1332,1925,6,0
3,2,1340,718,6,0
3,2,1341,195,-1,1
3,2,1362,542,6,1
3,2,1367,945,6,1
3,2,1412,1853,6,0
3,2,1422,300,6,0
3,2,1428,1866,6,0
3,2,1434,855,6,0
3,2,1435,1949,6,0
3,2,1437,1019,6,0
3,2,1442,988,6,1
3,2,1443,426,6,0
3,2,1456,1793,6,0
3,2,1460,1657,6,0
3,2,1472,1294,6,0
3,2,1477,1766,6,0
3,2,1496,293,-1,1
3,2,1517,981,6,0
3,2,1528,140,6,0
3,2,1547,692,6,0
3,2,1580,1581,-1,1
3,2,1583,1774,6,0
3,2,1600,1321,6,0
3,2,1621,1310,6,0
3,2,1626,1965,6,0
3,2,1631,1302,6,0
3,2,1631,260,6,0
3,2,1642,1081,6,1
3,2,1648,1304,6,0
3,2,1649,451,0,0
3,2,1650,1672,6,0
3,2,1651,1959,6,0
3,2,1655,1369,6,0
3,2,1669,566,6,0
3,2,1673,1789,6,0
3,2,1674,1644,6,0
3,2,1688,1499,6,0
3,2,1698,473,6,1
3,2,1741,1037,6,0
3,2,1746,957,6,0
3,2,1768,1196,4,0
3,2,1774,1370,-1,1
3,2,1774,1458,6,0
3,2,1780,1647,0,0
3,2,1783,539,6,0
3,2,1785,1774,6,0
3,2,1789,502,6,0
3,2,1806,1448,6,0
3,2,1809,1370,6,0
3,2,1813,604,6,0
3,2,1817,1382,6,0
3,2,1819,925,6,0
3,2,1820,1409,6,0
3,2,1830,672,6,0
3,2,1832,463,6,1
3,2,1834,1958,6,0
3,2,1843,1021,6,0
3,2,1846,1176,6,0
3,2,1848,1377,6,0
3,2,1865,1871,6,0
3,2,1868,1116,6,0
3,2,1870,880,6,0
3,2,1875,1287,6,0
3,2,1879,1686,-1,1
3,2,1888,1455,6,0
3,2,1891,1929,6,0
3,2,1895,1866,6,0
3,2,1896,1395,6,0
3,2,1918,398,6,0
3,2,1927,94,6,0
3,2,1929,669,6,0
3,2,1929,773,6,0
3,2,1931,943,6,0
3,2,1932,1582,6,0
3,2,1934,1647,6,0
3,2,1943,1910,6,0
3,2,1962,1264,6,0
3,2,1968,752,6,0
3,2,1979,516,6,0
3,2,1990,685,6,1
3,2,1999,195,6,0
3,2,2000,922,6,0
3,2,2005,1343,6,0
3,2,2006,1751,6,0
3,2,2006,929,6,0
3,2,2008,618,-1,1
3,2,2008,956,6,0
3,2,2014,280,6,0
3,2,2017,602,6,0
3,2,2022,809,6,0
3,2,2025,1476,6,0
3,2,2029,322,6,0
3,2,2036,1823,6,0
3,2,2039,179,6,0
3,2,2040,866,6,0
3,2,2041,984,6,0
3,2,2052,156,6,0
3,2,2052,1782,6,0
3,2,2059,1876,6,0
3,2,2064,1671,6,0
3,2,2073,1527,6,1
3,2,224,1655,6,1
3,2,252,1892,6,0
3,2,268,1887,6,0
3,2,317,1065,4,0
3,2,319,1598,6,0
3,2,324,552,6,0
3,2,336,958,6,0
3,2,407,1979,6,0
3,2,529,1711,-1,1
3,2,560,1670,6,0
3,2,602,1473,6,0
3,2,609,1749,6,0
3,2,655,1789,6,0
3,2,662,1766,6,0
3,2,664,949,6,0
3,2,702,1706,-1,1
3,2,768,1747,-1,1
3,2,806,1812,6,0
3,2,831,1746,-1,1
3,2,837,774,-1,1
3,2,840,947,6,0
3,2,890,1486,6,0
3,2,904,1494,6,0
3,2,907,2038,-1,1
3,2,922,815,6,0
3,2,925,1952,6,0
3,2,932,1637,-1,1
3,2,933,1976,-1,1
3,2,951,451,6,0
3,2,990,1813,-1,1
3,3,100,979,6,0
3,3,1008,1680,6,0
3,3,101,1695,6,0
3,3,1011,318,6,0
3,3,1013,1996,-1,1
3,3,1016,1093,6,0
3,3,1020,94,6,0
3,3,1025,507,6,0
3,3,1026,887,6,0
3,3,1027,214,-1,1
3,3,103,63,6,0
3,3,1031,1814,-1,1
3,3,1031,796,6,0
3,3,1040,813,6,0
3,3,1049,1968,6,0
3,3,1053,1818,6,0
3,3,106,458,6,0
3,3,1060,320,6,0
3,3,1066,1466,-1,1
3,3,1083,751,-1,1
3,3,1085,232,-1,1
3,3,1090,262,-1,1
3,3,1090,267,-1,1
3,3,1091,1270,6,0
3,3,1091,651,-1,1
3,3,1092,1852,-1,1
3,3,1093,290,-1,1
3,3,1093,295,-1,1
3,3,1093,651,-1,1
3,3,1098,146,-1,1
3,3,1103,167,-1,1
3,3,1103,172,-1,1
3,3,1104,1720,-1,1
3,3,1107,1228,6,0
3,3,1107,235,5,0
3,3,1110,598,-1,1
3,3,1112,453,-1,1
3,3,1113,446,-1,1
3,3,1117,1316,-1,1
3,3,112,670,6,0
3,3,1122,458,-1,1
3,3,1124,901,-1,1
3,3,1129,433,-1,1
3,3,1135,585,-1,1
3,3,1137,587,-1,1
3,3,1140,459,-1,1
3,3,1160,930,6,0
3,3,1171,1221,6,0
3,3,1193,1853,6,1
3,3,1194,863,0,0
3,3,122,1948,6,0
3,3,123,246,6,0
3,3,1243,381,-1,1
3,3,1243,617,-1,1
3,3,1244,282,-1,1
3,3,1246,847,6,0
3,3,1253,290,-1,1
3,3,1254,451,-1,1
3,3,1256,383,-1,1
3,3,1261,403,-1,1
3,3,1263,135,-1,1
3,3,1268,1064,6,0
3,3,1269,1537,-1,1
3,3,1269,389,-1,1
3,3,1271,373,-1,1
3,3,1274,1289,6,0
3,3,1278,344,-1,1
3,3,1284,370,5,0
3,3,1285,366,-1,1
3,3,1285,563,6,0
3,3,1287,395,-1,1
3,3,1289,332,-1,1
3,3,129,1760,6,0
3,3,1290,37,-1,1
3,3,1290,380,-1,1
3,3,1290,385,5,0
3,3,1295,788,6,0
3,3,1299,403,-1,1
3,3,130,1595,6,0
3,3,1301,1291,6,0
3,3,1302,1169,6,0
3,3,1302,1206,-1,1
3,3,1308,1416,6,0
3,3,1308,572,6,0
3,3,131,588,6,1
3,3,1326,1614,6,0
3,3,1327,67,-1,1
3,3,1328,385,-1,1
3,3,1329,333,5,0
3,3,1333,1463,6,0
3,3,1334,675,6,0
3,3,1338,1588,6,0
3,3,1338,552,6,0
3,3,134,840,6,0
3,3,1347,352,-1,1
3,3,1351,498,6,1
3,3,1355,622,-1,1
3,3,1356,83,-1,1
3,3,1357,1150,6,0
3,3,136,1109,-1,1
3,3,136,1224,6,0
3,3,1363,1150,6,0
3,3,1365,338,5,0
3,3,1366,1189,6,0
3,3,1368,698,-1,1
3,3,1370,1870,6,0
3,3,138,411,6,1
3,3,1382,77,-1,1
3,3,1384,1537,6,0
3,3,1384,251,5,0
3,3,139,376,6,0
3,3,1395,148,5,0
3,3,1395,257,-1,1
3,3,1395,262,-1,1
3,3,1396,1271,6,0
3,3,1399,210,6,0
3,3,140,1034,6,0
3,3,1401,177,5,0
3,3,1401,348,-1,1
3,3,1402,307,-1,1
3,3,1402,79,-1,1
3,3,1404,291,-1,1
3,3,1404,296,-1,1
3,3,1405,201,-1,1
3,3,1405,343,-1,1
3,3,1405,51,-1,1
3,3,1405,56,-1,1
3,3,1406,74,-1,1
3,3,1409,238,-1,1
3,3,141,691,6,0
3,3,1412,292,-1,1
3,3,1414,227,-1,1
3,3,1414,246,-1,1
3,3,1414,65,-1,1
3,3,1417,94,-1,1
3,3,1418,129,-1,1
3,3,1418,133,-1,1
3,3,1418,161,-1,1
3,3,1419,833,6,0
3,3,1421,1543,6,0
3,3,1421,328,-1,1
3,3,1421,616,6,0
3,3,1422,111,-1,1
3,3,1423,64,-1,1
3,3,1428,334,-1,1
3,3,1429,57,-1,1
3,3,1430,533,6,0
3,3,1431,375,-1,1
3,3,1434,45,-1,1
3,3,1436,78,-1,1
3,3,1441,286,-1,1
3,3,1443,392,-1,1
3,3,1443,610,6,0
3,3,1444,339,-1,1
3,3,1450,84,-1,1
3,3,1450,89,-1,1
3,3,1452,280,5,0
3,3,1452,285,-1,1
3,3,1455,74,-1,1
3,3,1458,460,-1,1
3,3,1459,1228,6,1
3,3,1460,318,-1,1
3,3,1465,209,-1,1
3,3,1465,252,-1,1
3,3,1469,90,-1,1
3,3,147,628,6,0
3,3,1476,82,-1,1
3,3,1477,69,-1,1
3,3,1480,448,-1,1
3,3,1486,448,-1,1
3,3,1486,801,6,0
3,3,1487,80,-1,1
3,3,1489,139,6,0
3,3,1490,177,-1,1
3,3,1490,437,-1,1
3,3,1490,442,-1,1
3,3,1493,70,-1,1
3,3,1496,875,6,0
3,3,1504,1679,6,0
3,3,1505,214,-1,1
3,3,1505,219,-1,1
3,3,1506,100,5,0
3,3,1508,191,-1,1
3,3,1508,443,-1,1
3,3,1511,78,6,0
3,3,1512,429,-1,1
3,3,1514,983,6,0
3,3,1518,365,-1,1
3,3,152,150,6,0
3,3,1522,1104,-1,1
3,3,1526,166,-1,1
3,3,1529,344,-1,1
3,3,1530,367,-1,1
3,3,1532,382,-1,1
3,3,1532,45,-1,1
3,3,154,2008,6,0
3,3,1545,67,-1,1
3,3,1545,72,-1,1
3,3,1546,417,-1,1
3,3,1547,361,-1,1
3,3,1547,366,-1,1
3,3,1548,306,-1,1
3,3,1553,1033,-1,1
3,3,1557,47,-1,1
3,3,1560,288,-1,1
3,3,1567,578,6,0
3,3,1575,600,6,0
3,3,1576,271,6,0
3,3,1577,1010,-1,1
3,3,1584,268,6,0
3,3,1585,303,6,1
3,3,159,738,6,0
3,3,1596,638,-1,1
3,3,1596,641,-1,1
3,3,1603,63,6,0
3,3,1618,1240,6,0
3,3,163,1724,6,0
3,3,1630,86,6,0
3,3,1638,2020,6,0
3,3,1641,632,-1,1
3,3,1647,1845,6,0
3,3,1647,705,6,0
3,3,1647,981,-1,1
3,3,1649,1421,6,0
3,3,165,790,6,0
3,3,165,892,6,0
3,3,1653,1466,6,1
3,3,1660,321,6,0
3,3,1661,1927,6,0
3,3,167,1473,6,0
3,3,1672,114,6,0
3,3,1675,971,-1,1
3,3,1689,1263,-1,1
3,3,169,1019,6,0
3,3,1706,749,6,0
3,3,1708,1465,6,0
3,3,1711,737,6,0
3,3,1717,1033,-1,1
3,3,1717,1036,-1,1
3,3,1722,694,6,0
3,3,1725,1279,6,0
3,3,1729,1032,6,1
3,3,1729,692,6,0
3,3,1729,939,2,0
3,3,173,452,6,0
3,3,173,736,6,0
3,3,174,1993,6,1
3,3,1742,1759,-1,1
3,3,176,371,6,0
3,3,1761,777,6,0
3,3,1768,1313,6,0
3,3,1776,507,6,0
3,3,1786,973,-1,1
3,3,1786,976,-1,1
3,3,1794,500,6,0
3,3,180,890,6,0
3,3,1804,45,6,0
3,3,1815,1022,6,0
3,3,1818,350,6,0
3,3,1832,803,6,0
3,3,1839,1780,6,0
3,3,1847,738,-1,1
3,3,1869,551,6,0
3,3,1879,1001,-1,1
3,3,1881,1860,6,0
3,3,1887,1086,-1,1
3,3,1890,763,-1,1
3,3,1898,1976,-1,1
3,3,1898,722,6,0
3,3,190,1833,6,0
3,3,1911,455,6,0
3,3,1916,281,6,0
3,3,1916,434,6,1
3,3,1929,429,6,0
3,3,1948,1986,6,1
3,3,1954,1284,6,0
3,3,1975,1969,2,0
3,3,1976,688,6,0
3,3,1984,174,6,0
3,3,1999,821,6,0
3,3,200,1335,6,0
3,3,2000,153,6,1
3,3,2001,632,6,0
3,3,2001,799,2,0
3,3,2001,880,6,0
3,3,2003,1781,6,0
3,3,2010,750,2,0
3,3,2012,1778,6,0
3,3,202,1935,6,0
3,3,203,1401,6,0
3,3,203,1581,6,0
3,3,2032,70,6,0
3,3,2033,1679,6,0
3,3,2056,152,-1,1
3,3,208,1546,6,0
3,3,208,951,6,0
3,3,209,1385,6,0
3,3,217,663,6,0
3,3,219,1547,6,0
3,3,219,738,-1,1
3,3,220,118,6,0
3,3,220,300,6,0
3,3,223,265,6,0
3,3,224,1141,6,0
3,3,224,764,6,0
3,3,227,407,6,0
3,3,236,330,6,0
3,3,237,362,6,0
3,3,241,644,6,0
3,3,248,939,-1,1
3,3,249,1079,6,0
3,3,252,216,2,0
3,3,257,111,6,1
3,3,259,1975,6,0
3,3,260,689,-1,1
3,3,261,452,6,1
3,3,262,1479,-1,1
3,3,265,827,6,0
3,3,265,930,6,0
3,3,266,270,6,0
3,3,275,1387,6,0
3,3,280,117,-1,1
3,3,281,48,6,0
3,3,284,1380,6,0
3,3,286,621,6,0
3,3,287,1751,6,1
3,3,294,482,6,0
3,3,295,973,6,0
3,3,297,1539,6,0
3,3,297,164,6,0
3,3,307,263,6,0
3,3,307,818,6,0
3,3,309,740,6,0
3,3,310,1774,6,0
3,3,313,163,6,0
3,3,314,139,6,0
3,3,317,1153,6,0
3,3,319,1062,6,0
3,3,319,1604,6,0
3,3,319,587,6,0
3,3,324,614,6,0
3,3,325,970,6,0
3,3,327,1389,6,0
3,3,327,1921,6,0
3,3,328,585,6,0
3,3,329,199,6,0
3,3,330,1964,6,1
3,3,332,884,6,0
3,3,341,1882,6,0
3,3,341,357,6,0
3,3,342,446,6,0
3,3,343,205,6,0
3,3,343,802,6,0
3,3,344,1292,6,0
3,3,347,137,-1,1
3,3,349,166,6,0
3,3,349,732,6,0
3,3,357,1591,6,0
3,3,357,494,2,0
3,3,359,1103,6,0
3,3,359,1729,-1,1
3,3,360,1726,-1,1
3,3,371,528,6,0
3,3,371,727,6,0
3,3,378,238,6,0
3,3,383,341,6,0
3,3,391,1465,6,0
3,3,393,1189,6,1
3,3,396,1724,6,0
3,3,400,1760,6,0
3,3,408,1158,6,0
3,3,415,89,6,0
3,3,418,197,6,0
3,3,421,821,6,0
3,3,423,1973,6,0
3,3,425,816,6,0
3,3,427,418,6,0
3,3,429,1322,6,0
3,3,430,773,0,0
3,3,430,827,6,1
3,3,438,724,6,0
3,3,439,997,6,0
3,3,441,1144,6,0
3,3,444,1352,6,0
3,3,445,1323,6,0
3,3,451,194,6,0
3,3,452,1640,6,0
3,3,453,127,6,0
3,3,456,1261,6,0
3,3,458,645,6,0
3,3,460,464,6,0
3,3,460,871,6,0
3,3,462,227,6,0
3,3,479,1507,-1,1
3,3,479,339,6,0
3,3,480,1046,6,0
3,3,480,357,-1,1
3,3,485,1924,6,0
3,3,486,241,4,0
3,3,488,1223,6,0
3,3,488,1620,6,0
3,3,490,567,6,0
3,3,491,751,6,0
3,3,492,1198,6,0
3,3,494,1410,6,0
3,3,509,711,6,0
3,3,510,357,6,1
3,3,518,78,-1,1
3,3,519,1227,6,1
3,3,530,1668,-1,1
3,3,536,108,6,0
3,3,536,1699,6,1
3,3,538,1367,6,0
3,3,555,1605,6,0
3,3,560,623,6,0
3,3,562,687,6,1
3,3,574,62,-1,1
3,3,575,1400,6,0
3,3,576,632,6,0
3,3,576,827,6,0
3,3,579,1321,6,0
3,3,582,1829,6,0
3,3,582,1916,6,0
3,3,584,102,6,0
3,3,590,37,6,0
3,3,590,62,6,0
3,3,591,726,6,0
3,3,600,93,6,0
3,3,601,341,6,0
3,3,603,1631,6,0
3,3,604,170,6,0
3,3,607,678,6,1
3,3,609,578,6,0
3,3,611,1663,6,0
3,3,612,812,6,0
3,3,614,2022,6,0
3,3,62,702,6,0
3,3,621,104,-1,1
3,3,624,1599,6,0
3,3,626,650,6,0
3,3,630,1174,6,0
3,3,631,339,6,0
3,3,632,1343,6,0
3,3,632,622,6,1
3,3,632,778,2,0
3,3,633,812,6,0
3,3,635,1416,6,0
3,3,639,218,-1,1
3,3,640,624,6,0
3,3,646,271,6,0
3,3,647,1294,6,0
3,3,650,945,6,0
3,3,657,1314,6,0
3,3,659,822,6,1
3,3,660,1345,6,0
3,3,664,385,6,0
3,3,665,400,6,0
3,3,671,1387,6,0
3,3,673,1226,6,0
3,3,674,310,6,1
3,3,675,1242,6,0
3,3,677,1473,6,0
3,3,678,942,6,0
3,3,680,1489,6,0
3,3,690,555,6,0
3,3,698,1835,-1,1
3,3,700,190,6,0
3,3,705,1517,6,0
3,3,707,1783,6,0
3,3,709,917,6,0
3,3,711,584,6,0
3,3,713,1165,0,0
3,3,714,1468,6,0
3,3,718,1180,6,0
3,3,72,79,2,0
3,3,726,1185,6,0
3,3,739,900,6,0
3,3,742,1006,6,1
3,3,742,489,6,0
3,3,75,1644,6,0
3,3,75,1654,6,0
3,3,757,78,6,0
3,3,760,931,6,0
3,3,765,131,6,0
3,3,766,344,6,0
3,3,766,704,-1,1
3,3,770,313,6,1
3,3,78,1323,6,0
3,3,780,1205,6,0
3,3,780,749,6,0
3,3,781,1276,6,0
3,3,796,634,6,0
3,3,796,867,6,0
3,3,797,465,6,0
3,3,800,641,6,0
3,3,803,922,-1,1
3,3,805,724,-1,1
3,3,809,1966,6,0
3,3,817,367,6,0
3,3,818,1058,6,0
3,3,818,688,6,0
3,3,818,699,6,0
3,3,826,1337,6,1
3,3,83,442,6,0
3,3,838,1870,-1,1
3,3,847,396,6,0
3,3,849,1137,6,0
3,3,85,1080,6,0
3,3,851,773,6,0
3,3,854,1325,6,0
3,3,865,714,6,0
3,3,867,781,6,0
3,3,867,821,6,0
3,3,87,153,6,1
3,3,870,1527,6,0
3,3,870,424,6,0
3,3,872,741,6,1
3,3,875,1164,2,0
3,3,882,1161,6,0
3,3,886,738,6,0
3,3,894,1855,6,0
3,3,894,249,6,0
3,3,894,779,4,0
3,3,894,922,6,0
3,3,896,457,6,0
3,3,898,728,-1,1
3,3,899,1667,6,0
3,3,90,1479,6,0
3,3,902,472,6,0
3,3,903,1192,-1,1
3,3,904,227,6,0
3,3,905,1104,6,0
3,3,907,248,6,0
3,3,907,780,6,0
3,3,908,755,6,1
3,3,912,136,6,0
3,3,914,607,6,0
3,3,918,1471,6,0
3,3,921,886,6,0
3,3,922,1958,6,0
3,3,923,2004,6,0
3,3,927,1756,6,0
3,3,932,422,6,0
3,3,933,233,6,0
3,3,936,826,6,0
3,3,938,742,6,0
3,3,944,508,6,0
3,3,946,267,6,0
3,3,949,1394,6,0
3,3,952,1169,6,0
3,3,956,1406,6,0
3,3,958,646,6,0
3,3,966,1096,6,0
3,3,966,234,2,0
3,3,967,777,6,1
3,3,968,1410,6,0
3,3,969,1886,-1,1
3,3,975,392,6,0
3,3,98,645,6,0
3,3,980,632,-1,1
3,3,980,854,6,0
3,3,980,930,6,1
3,3,985,672,6,0
3,3,986,45,6,0
3,3,988,583,6,0
3,3,989,123,6,1
3,3,989,494,6,0
3,3,991,703,6,0
3,4,1017,1561,-1,1
3,4,1033,81,6,0
3,4,1054,884,-1,1
3,4,1055,857,6,1
3,4,108,321,6,0
3,4,116,1115,6,0
3,4,120,826,6,0
3,4,1207,360,6,0
3,4,1208,996,6,0
3,4,1264,822,6,0
3,4,1279,1254,6,0
3,4,132,120,-1,1
3,4,134,393,6,0
3,4,1412,1190,6,0
3,4,1485,53,-1,1
3,4,1499,779,-1,1
3,4,150,1318,6,0
3,4,1509,1376,6,0
3,4,1535,434,6,0
3,4,154,810,6,0
3,4,158,1495,6,1
3,4,1600,34,-1,1
3,4,1625,392,-1,1
3,4,1762,495,-1,1
3,4,1764,466,-1,1
3,4,177,107,6,0
3,4,184,2008,6,0
3,4,1873,807,6,0
3,4,193,1679,-1,1
3,4,194,880,6,0
3,4,205,1882,6,0
3,4,209,543,6,0
3,4,229,1894,-1,1
3,4,238,1055,6,0
3,4,259,889,6,0
3,4,270,786,6,0
3,4,287,463,-1,1
3,4,298,449,6,0
3,4,302,783,-1,1
3,4,324,810,6,0
3,4,331,470,-1,1
3,4,339,37,6,0
3,4,344,1602,2,0
3,4,344,808,6,0
3,4,350,812,6,0
3,4,386,1486,6,0
3,4,392,496,-1,1
3,4,395,1087,6,0
3,4,396,487,6,0
3,4,460,1668,-1,1
3,4,469,291,6,0
3,4,493,1899,-1,1
3,4,496,1723,6,0
3,4,525,912,6,0
3,4,543,585,-1,1
3,4,544,508,6,0
3,4,550,499,6,0
3,4,555,651,6,1
3,4,568,1588,-1,1
3,4,575,228,6,0
3,4,588,615,-1,1
3,4,590,1449,6,0
3,4,622,551,6,0
3,4,645,1928,-1,1
3,4,650,268,6,0
3,4,669,1445,-1,1
3,4,676,571,6,0
3,4,735,1787,6,0
3,4,756,777,6,0
3,4,797,1050,6,0
3,4,826,1604,6,0
3,4,835,1923,6,1
3,4,838,1718,6,0
3,4,895,1679,6,1
3,4,91,564,-1,1
3,4,918,389,6,0
3,4,921,602,6,0
3,4,937,33,-1,1
3,4,946,258,6,0
3,4,970,699,6,0
3,4,973,527,6,1
3,4,996,243,6,0
4,1,1019,1596,-1,1
4,1,1022,1348,6,0
4,1,1025,1934,-1,1
4,1,1027,1136,6,0
4,1,1030,1133,6,0
4,1,1031,1759,-1,1
4,1,1038,908,6,0
4,1,1039,1171,6,1
4,1,1042,1858,6,0
4,1,1046,1776,6,1
4,1,1048,1696,-1,1
4,1,1051,1671,-1,1
4,1,1061,1678,6,0
4,1,1063,289,6,0
4,1,1071,1344,6,0
4,1,1072,2006,6,0
4,1,1076,1518,-1,1
4,1,1084,1200,-1,1
4,1,1087,1817,-1,1
4,1,1088,2012,6,0
4,1,1090,1842,6,0
4,1,1091,1546,-1,1
4,1,1091,1567,6,1
4,1,1095,568,6,0
4,1,1096,1056,6,0
4,1,1100,589,-1,1
4,1,1104,1535,6,0
4,1,1111,1167,6,0
4,1,1115,1551,6,1
4,1,1118,1966,6,0
4,1,1122,724,-1,1
4,1,1124,928,6,0
4,1,1129,1720,6,0
4,1,1135,1328,-1,1
4,1,1138,1900,6,0
4,1,1139,642,6,0
4,1,1142,701,6,1
4,1,1150,1455,6,0
4,1,1151,704,6,0
4,1,1163,1554,6,0
4,1,1166,1483,6,1
4,1,1181,1835,6,0
4,1,1187,555,6,0
4,1,1195,347,6,0
4,1,1196,1660,6,1
4,1,1196,720,6,0
4,1,1207,1377,-1,1
4,1,1207,1467,6,0
4,1,1208,953,6,0
4,1,1223,1177,6,0
4,1,124,1238,6,0
4,1,1242,1841,-1,1
4,1,1253,469,6,0
4,1,1256,1499,6,0
4,1,1266,1631,6,1
4,1,1270,657,6,1
4,1,128,1321,6,1
4,1,1288,225,6,0
4,1,1289,111,6,0
4,1,131,471,-1,1
4,1,1316,1881,6,0
4,1,1328,871,6,0
4,1,1329,1875,6,0
4,1,1338,1509,2,0
4,1,1346,1657,6,0
4,1,1347,80,6,0
4,1,1359,413,6,0
4,1,1377,1693,6,0
4,1,1382,758,6,0
4,1,1383,1803,6,0
4,1,1395,675,6,0
4,1,140,959,6,0
4,1,1405,1677,-1,1
4,1,1414,1525,-1,1
4,1,1415,1718,6,0
4,1,1423,1833,-1,1
4,1,1428,1356,6,0
4,1,1428,538,6,0
4,1,1437,1364,6,0
4,1,1442,1969,-1,1
4,1,1446,1737,6,1
4,1,1449,392,6,0
4,1,1456,858,6,0
4,1,1462,1712,6,1
4,1,1469,2012,2,0
4,1,1483,1035,6,0
4,1,1487,1363,6,0
4,1,1487,384,-1,1
4,1,1492,1672,6,1
4,1,1493,1957,6,1
4,1,1496,175,6,0
4,1,1497,470,6,0
4,1,1518,918,6,0
4,1,152,839,6,1
4,1,1528,492,6,0
4,1,1535,1251,6,1
4,1,1540,1016,-1,1
4,1,1549,367,6,0
4,1,1560,1167,6,0
4,1,1560,1631,6,0
4,1,1569,1472,6,0
4,1,1570,1143,6,0
4,1,1572,1901,6,0
4,1,1579,760,6,0
4,1,1589,1321,6,0
4,1,159,180,6,0
4,1,1595,1824,-1,1
4,1,1596,1221,-1,1
4,1,1599,909,6,0
4,1,1600,211,6,0
4,1,1603,1669,-1,1
4,1,1610,210,6,0
4,1,1611,1453,-1,1
4,1,1613,1453,-1,1
4,1,1614,1276,6,0
4,1,1616,1008,6,0
4,1,1629,600,2,0
4,1,1639,1431,6,0
4,1,1641,1667,-1,1
4,1,1646,1569,-1,1
4,1,1651,758,6,0
4,1,1652,315,6,0
4,1,1653,1892,-1,1
4,1,1655,1756,-1,1
4,1,1665,510,-1,1
4,1,1667,429,-1,1
4,1,1670,1943,6,0
4,1,1679,1411,6,0
4,1,1681,1716,-1,1
4,1,1683,1724,-1,1
4,1,1683,987,6,0
4,1,1685,1001,6,0
4,1,1685,1841,-1,1
4,1,1686,477,6,0
4,1,1687,1635,-1,1
4,1,1691,493,-1,1
4,1,1698,1127,6,0
4,1,1702,1085,6,0
4,1,1712,1756,6,0
4,1,1712,522,-1,1
4,1,1715,1003,6,0
4,1,1721,947,-1,1
4,1,1732,1772,-1,1
4,1,1733,34,6,0
4,1,1733,790,-1,1
4,1,1745,679,-1,1
4,1,1764,491,-1,1
4,1,1768,1765,-1,1
4,1,1773,810,6,0
4,1,1780,1333,6,0
4,1,1784,1089,6,0
4,1,1785,1709,6,0
4,1,1787,972,6,0
4,1,1791,123,6,0
4,1,1795,328,6,0
4,1,1802,781,-1,1
4,1,1805,494,-1,1
4,1,1812,1859,6,0
4,1,1822,491,-1,1
4,1,1826,392,6,1
4,1,1828,692,6,0
4,1,1829,1841,6,0
4,1,1836,386,6,0
4,1,1845,164,6,0
4,1,1851,394,-1,1
4,1,1855,412,6,0
4,1,1858,1771,6,0
4,1,1868,424,6,0
4,1,1887,1313,6,0
4,1,1889,708,-1,1
4,1,1906,814,-1,1
4,1,1930,389,6,0
4,1,1941,1394,6,1
4,1,1942,1408,6,0
4,1,1949,298,6,0
4,1,1959,1463,6,0
4,1,196,1655,6,1
4,1,1966,825,6,0
4,1,1984,1451,6,0
4,1,1989,510,-1,1
4,1,1995,1185,6,0
4,1,1995,398,-1,1
4,1,2004,451,-1,1
4,1,2010,1381,6,0
4,1,2014,594,6,1
4,1,2045,1637,6,0
4,1,205,714,-1,1
4,1,2052,494,6,1
4,1,2055,1096,6,0
4,1,2055,1379,-1,1
4,1,2056,233,6,0
4,1,2068,1259,6,0
4,1,2070,1718,-1,1
4,1,2080,205,-1,1
4,1,2081,1211,6,1
4,1,210,1640,6,0
4,1,237,1715,6,0
4,1,258,1107,6,0
4,1,274,1095,-1,1
4,1,274,1808,6,0
4,1,278,1959,6,0
4,1,310,1655,6,0
4,1,319,1306,6,0
4,1,331,938,6,0
4,1,332,754,-1,1
4,1,333,145,6,0
4,1,343,371,-1,1
4,1,349,685,-1,1
4,1,356,371,6,0
4,1,366,1302,6,0
4,1,397,1203,-1,1
4,1,409,1710,6,0
4,1,418,1260,6,0
4,1,418,267,6,0
4,1,425,1315,-1,1
4,1,428,335,-1,1
4,1,432,694,6,0
4,1,440,590,6,1
4,1,452,1302,6,0
4,1,465,1719,6,0
4,1,470,930,6,0
4,1,472,1683,6,0
4,1,480,388,6,0
4,1,481,588,6,0
4,1,482,1134,6,0
4,1,523,1921,-1,1
4,1,549,260,6,0
4,1,578,1964,6,0
4,1,623,1474,6,0
4,1,628,839,6,0
4,1,630,1816,6,0
4,1,680,1435,6,1
4,1,691,865,6,0
4,1,695,1941,6,1
4,1,700,1138,6,0
4,1,703,1970,6,0
4,1,707,1796,6,0
4,1,741,620,6,0
4,1,750,1081,2,0
4,1,768,782,-1,1
4,1,772,392,-1,1
4,1,772,901,6,0
4,1,773,609,-1,1
4,1,776,1661,6,1
4,1,782,447,6,0
4,1,790,1725,6,0
4,1,799,735,6,0
4,1,804,1796,6,0
4,1,806,1977,6,0
4,1,828,1747,6,0
4,1,831,1529,-1,1
4,1,834,312,-1,1
4,1,838,1539,6,0
4,1,843,1741,6,0
4,1,853,143,6,0
4,1,855,1134,6,0
4,1,856,1749,-1,1
4,1,858,1500,6,0
4,1,860,508,6,0
4,1,862,2023,-1,1
4,1,866,1678,6,0
4,1,867,625,6,0
4,1,877,1623,6,0
4,1,880,1349,6,0
4,1,886,186,-1,1
4,1,887,1730,6,0
4,1,897,1674,6,0
4,1,899,1065,-1,1
4,1,899,1788,2,0
4,1,908,827,6,0
4,1,919,1712,-1,1
4,1,920,1742,6,1
4,1,927,1095,6,0
4,1,937,1583,6,0
4,1,937,1650,6,0
4,1,94,770,6,0
4,1,942,1420,6,1
4,1,942,1987,-1,1
4,1,952,700,6,0
4,1,969,1847,-1,1
4,1,971,1757,6,1
4,1,973,1474,6,0
4,1,991,1683,6,0
4,2,100,1468,6,0
4,2,1002,758,6,0
4,2,1005,68,-1,1
4,2,1008,306,6,0
4,2,1011,646,6,1
4,2,1012,1950,6,0
4,2,1016,71,-1,1
4,2,1018,2016,6,0
4,2,1024,338,-1,1
4,2,1025,109,-1,1
4,2,1028,1996,2,0
4,2,1030,1730,6,0
4,2,1032,1141,6,0
4,2,1034,773,6,0
4,2,1037,1152,6,0
4,2,1037,1348,6,0
4,2,1043,1896,6,1
4,2,1045,685,6,0
4,2,1050,46,6,0
4,2,1054,1644,6,0
4,2,1060,239,6,0
4,2,1061,1967,6,0
4,2,1063,453,6,0
4,2,1064,1849,6,0
4,2,1072,370,6,0
4,2,108,1324,6,0
4,2,1089,225,2,0
4,2,1089,274,6,0
4,2,1090,489,6,0
4,2,110,1207,6,0
4,2,1101,1875,6,0
4,2,1103,970,6,0
4,2,1118,1846,-1,1
4,2,1122,674,6,0
4,2,1129,259,6,1
4,2,1132,109,6,0
4,2,1139,2034,6,0
4,2,1139,933,6,0
4,2,1149,524,-1,1
4,2,1149,733,6,0
4,2,115,70,6,0
4,2,1157,244,6,0
4,2,1158,1353,6,0
4,2,1158,1354,6,0
4,2,1167,173,6,0
4,2,1168,1043,6,0
4,2,1170,833,6,0
4,2,1171,1676,6,0
4,2,1173,1051,6,0
4,2,1173,478,6,0
4,2,1174,1875,6,0
4,2,1174,1916,-1,1
4,2,1181,1279,6,0
4,2,1182,1456,6,0
4,2,1186,1839,6,0
4,2,1186,1935,-1,1
4,2,1189,1740,6,0
4,2,1192,826,6,0
4,2,1198,1179,-1,1
4,2,1199,1090,6,0
4,2,1202,1423,-1,1
4,2,1208,1589,2,0
4,2,121,1090,6,1
4,2,1218,707,6,0
4,2,1219,1059,6,1
4,2,1219,1589,6,0
4,2,1222,1601,6,0
4,2,1224,1659,6,0
4,2,1229,365,6,0
4,2,123,1782,-1,1
4,2,1231,1779,6,1
4,2,1232,1565,6,0
4,2,1233,1048,6,0
4,2,1233,1162,6,0
4,2,1234,797,-1,1
4,2,1237,1789,6,0
4,2,1238,866,6,0
4,2,1244,1558,6,0
4,2,1248,521,6,0
4,2,1250,1998,6,0
4,2,1253,1098,-1,1
4,2,1253,939,6,0
4,2,1254,367,6,0
4,2,1254,672,6,0
4,2,1256,1595,6,0
4,2,1259,2021,6,0
4,2,1259,832,6,1
4,2,1260,948,6,0
4,2,1260,972,-1,1
4,2,1261,1546,6,0
4,2,1261,412,6,0
4,2,1262,885,6,0
4,2,1265,1386,6,0
4,2,1265,803,-1,1
4,2,1267,1969,-1,1
4,2,1268,1775,6,0
4,2,1268,627,6,0
4,2,1268,816,-1,1
4,2,1273,1802,-1,1
4,2,1275,945,6,0
4,2,1279,2003,-1,1
4,2,128,1420,-1,1
4,2,1283,1574,6,0
4,2,1283,245,6,0
4,2,1284,1291,6,0
4,2,1285,1726,6,0
4,2,1286,930,6,0
4,2,1288,329,-1,1
4,2,1289,1823,6,0
4,2,1290,1674,6,0
4,2,1300,1920,6,0
4,2,1301,74,6,0
4,2,1307,1092,6,1
4,2,1307,1598,6,0
4,2,1311,1712,6,0
4,2,1313,1834,2,0
4,2,1313,667,-1,1
4,2,1316,374,6,0
4,2,1318,254,6,0
4,2,1319,1998,6,0
4,2,1319,2034,2,0
4,2,1320,1956,6,0
4,2,1323,1718,6,0
4,2,1325,133,6,0
4,2,1333,373,6,0
4,2,134,1097,6,0
4,2,1346,1693,6,0
4,2,1347,1709,6,0
4,2,1347,1720,6,0
4,2,1351,878,6,0
4,2,1353,290,6,0
4,2,1354,1386,6,0
4,2,1355,543,6,0
4,2,1360,1060,-1,1
4,2,1361,1062,6,1
4,2,1362,1943,6,1
4,2,1367,797,6,0
4,2,1370,236,6,0
4,2,138,1891,6,0
4,2,1386,86,6,0
4,2,1389,2019,6,0
4,2,1393,1111,6,0
4,2,1394,1830,6,1
4,2,1401,1040,6,0
4,2,1402,668,6,0
4,2,1403,349,6,0
4,2,1410,939,6,0
4,2,1416,920,6,0
4,2,1417,1806,6,0
4,2,1418,283,6,0
4,2,142,89,6,0
4,2,1420,1123,6,0
4,2,1422,158,6,0
4,2,1423,569,6,0
4,2,1431,1379,6,0
4,2,1431,923,6,0
4,2,1433,487,6,0
4,2,1436,596,6,0
4,2,1438,517,6,0
4,2,1439,896,6,0
4,2,1446,1384,6,0
4,2,1449,185,6,0
4,2,1450,1984,-1,1
4,2,146,406,6,0
4,2,1460,1583,6,0
4,2,1461,1432,6,0
4,2,1461,2017,6,0
4,2,1462,1073,6,0
4,2,1464,1820,-1,1
4,2,1465,1387,6,0
4,2,1465,1466,-1,1
4,2,1466,301,6,0
4,2,1467,987,6,0
4,2,1468,1400,6,0
4,2,1470,933,6,0
4,2,1476,428,6,0
4,2,1485,1801,6,0
4,2,1486,1075,-1,1
4,2,1486,477,6,0
4,2,149,82,6,0
4,2,1495,1797,6,0
4,2,1509,468,6,0
4,2,1509,642,6,0
4,2,1510,581,6,0
4,2,1514,1758,6,0
4,2,1517,1126,-1,1
4,2,1518,284,6,0
4,2,152,251,-1,1
4,2,1520,133,6,0
4,2,1520,497,6,1
4,2,1520,789,6,0
4,2,1521,87,6,0
4,2,1522,663,6,0
4,2,1524,1698,6,0
4,2,1529,744,6,0
4,2,153,739,6,0
4,2,1538,246,6,0
4,2,1543,1615,6,0
4,2,1547,517,6,0
4,2,1548,1632,-1,1
4,2,1550,572,6,0
4,2,1551,1800,6,0
4,2,1554,1937,6,0
4,2,1556,1289,6,0
4,2,1563,1837,6,1
4,2,1566,1585,6,0
4,2,1566,418,6,0
4,2,1570,1713,6,0
4,2,1577,835,6,0
4,2,1582,918,-1,1
4,2,1588,644,6,0
4,2,1599,619,-1,1
4,2,1601,1635,6,0
4,2,1602,1036,6,0
4,2,1606,548,6,0
4,2,1608,630,6,1
4,2,1612,291,6,0
4,2,1613,1193,6,0
4,2,1616,856,6,0
4,2,1620,143,6,0
4,2,1620,287,6,0
4,2,1624,1757,6,0
4,2,1626,1927,6,0
4,2,1631,1071,6,0
4,2,1631,863,6,0
4,2,1632,280,6,0
4,2,1637,1729,6,0
4,2,1637,852,6,0
4,2,1639,594,6,0
4,2,1640,1680,6,0
4,2,1643,1879,2,0
4,2,1646,1957,6,0
4,2,1651,610,-1,1
4,2,1652,188,6,0
4,2,1652,312,-1,1
4,2,1656,1676,6,0
4,2,1661,56,6,0
4,2,1662,1914,6,1
4,2,1662,360,6,0
4,2,1664,622,6,0
4,2,1666,571,-1,1
4,2,1674,1424,6,0
4,2,1677,208,6,1
4,2,1677,725,6,0
4,2,1678,1023,2,0
4,2,1678,864,6,0
4,2,1680,1766,6,0
4,2,1681,446,-1,1
4,2,1682,1960,-1,1
4,2,1684,986,6,0
4,2,1688,248,6,0
4,2,1689,484,6,1
4,2,1689,650,6,0
4,2,1690,1816,6,1
4,2,1691,492,6,0
4,2,1692,1284,2,0
4,2,1692,1669,6,0
4,2,1696,1786,2,0
4,2,1697,1676,6,0
4,2,1698,667,6,0
4,2,1702,1303,6,0
4,2,1702,636,6,0
4,2,1706,1512,6,0
4,2,1708,233,6,0
4,2,1710,285,2,0
4,2,1711,353,6,0
4,2,1712,1096,6,0
4,2,1712,1355,6,0
4,2,1717,1018,6,1
4,2,1719,1757,6,0
4,2,1720,149,6,0
4,2,1732,514,6,0
4,2,1733,1256,6,0
4,2,1734,1767,6,0
4,2,1737,699,6,0
4,2,1739,1826,6,0
4,2,1741,442,6,0
4,2,1745,1556,6,0
4,2,1745,1750,6,0
4,2,175,1282,6,0
4,2,1750,480,6,1
4,2,1753,560,6,0
4,2,1758,1556,6,0
4,2,1760,1735,6,0
4,2,1760,1996,6,0
4,2,1762,1139,6,0
4,2,1765,692,6,0
4,2,1767,1790,6,0
4,2,1781,1505,6,0
4,2,1781,713,6,0
4,2,1785,983,6,0
4,2,1788,1760,6,0
4,2,1789,994,6,0
4,2,1793,1696,6,0
4,2,1796,1881,6,0
4,2,1799,250,-1,1
4,2,1801,1802,6,0
4,2,1807,581,6,0
4,2,1812,1653,2,0
4,2,1813,1015,6,1
4,2,1813,47,-1,1
4,2,1816,103,6,1
4,2,1817,202,6,0
4,2,1817,325,-1,1
4,2,1817,729,-1,1
4,2,1817,924,6,0
4,2,1819,948,6,0
4,2,1821,806,6,0
4,2,1822,1096,6,1
4,2,1823,458,6,0
4,2,1826,316,2,0
4,2,1830,473,6,0
4,2,1834,1073,6,0
4,2,1834,1453,6,0
4,2,1834,491,6,0
4,2,1838,190,6,0
4,2,184,69,6,0
4,2,1840,1138,6,0
4,2,1840,1984,6,0
4,2,1840,2006,6,0
4,2,1843,1633,6,1
4,2,1843,713,6,0
4,2,1848,1525,-1,1
4,2,1848,1845,6,0
4,2,1850,96,6,0
4,2,1856,1648,6,0
4,2,1857,145,6,0
4,2,1862,1726,0,0
4,2,1868,1198,0,0
4,2,1868,1892,6,0
4,2,1868,580,-1,1
4,2,1869,582,6,0
4,2,1873,577,6,0
4,2,1876,214,-1,1
4,2,188,1144,-1,1
4,2,1881,1350,6,1
4,2,1882,1467,6,0
4,2,1883,1061,-1,1
4,2,1883,1186,0,0
4,2,1891,1407,6,0
4,2,1891,1534,6,0
4,2,1896,1147,6,0
4,2,1897,186,6,0
4,2,1898,364,2,0
4,2,1901,1474,6,0
4,2,1901,1993,6,0
4,2,1902,1900,6,0
4,2,1905,1208,6,0
4,2,1905,1724,6,0
4,2,1908,1993,6,0
4,2,1909,1132,6,0
4,2,1909,37,6,1
4,2,1912,1992,6,0
4,2,1912,254,6,0
4,2,1914,633,-1,1
4,2,1914,868,6,0
4,2,1915,286,6,0
4,2,1916,193,6,0
4,2,1917,261,6,0
4,2,1918,491,6,0
4,2,1920,166,6,0
4,2,1923,142,6,0
4,2,1923,1705,6,1
4,2,1923,196,6,0
4,2,1924,1518,6,0
4,2,1924,964,6,0
4,2,1925,1197,6,0
4,2,1930,903,-1,1
4,2,1934,983,6,1
4,2,1937,675,6,0
4,2,1937,837,6,0
4,2,1938,410,6,0
4,2,1938,706,6,1
4,2,1940,488,6,1
4,2,1946,1899,6,0
4,2,1949,1062,6,0
4,2,1951,709,6,1
4,2,1952,1222,6,0
4,2,1952,535,6,0
4,2,1956,263,6,0
4,2,1958,1082,6,1
4,2,1958,1084,6,0
4,2,1963,1749,6,0
4,2,1964,734,6,0
4,2,1974,1996,6,0
4,2,1974,279,6,0
4,2,1975,1266,6,0
4,2,1975,1796,6,0
4,2,1976,1093,-1,1
4,2,1976,1703,6,0
4,2,1978,641,-1,1
4,2,1978,837,6,0
4,2,1979,486,-1,1
4,2,1979,643,6,0
4,2,1981,173,6,0
4,2,1984,1379,-1,1
4,2,1986,1105,6,0
4,2,1986,1690,6,0
4,2,1986,1822,6,0
4,2,1996,833,6,0
4,2,1999,1122,6,0
4,2,1999,1339,-1,1
4,2,2002,1988,6,0
4,2,2013,1309,6,0
4,2,2014,880,6,0
4,2,2016,681,6,0
4,2,2016,784,6,0
4,2,2017,985,6,0
4,2,2018,1916,6,0
4,2,2027,672,6,0
4,2,2028,674,6,1
4,2,2031,1266,6,1
4,2,2031,341,6,1
4,2,2031,466,-1,1
4,2,2033,392,6,0
4,2,2036,1822,6,0
4,2,2039,787,6,0
4,2,2053,1028,6,1
4,2,2057,1318,6,0
4,2,2059,52,-1,1
4,2,2059,754,-1,1
4,2,2059,756,6,0
4,2,206,1468,6,0
4,2,2061,269,2,0
4,2,2063,1336,6,0
4,2,2066,549,-1,1
4,2,2068,1033,6,0
4,2,2070,1180,2,0
4,2,2073,832,6,0
4,2,2074,1280,6,0
4,2,2074,1648,6,0
4,2,2078,349,6,0
4,2,2081,1024,6,0
4,2,2084,1152,6,0
4,2,2087,1528,2,0
4,2,215,700,6,0
4,2,219,999,-1,1
4,2,225,1471,6,0
4,2,228,1028,6,0
4,2,248,1477,6,0
4,2,291,1765,6,0
4,2,299,1359,6,1
4,2,303,499,6,0
4,2,304,410,6,0
4,2,306,921,6,0
4,2,307,525,6,0
4,2,310,999,6,0
4,2,320,540,2,0
4,2,333,422,6,0
4,2,337,511,6,0
4,2,339,363,-1,1
4,2,340,1765,-1,1
4,2,340,324,6,0
4,2,346,413,6,0
4,2,358,753,6,0
4,2,363,564,-1,1
4,2,363,610,6,1
4,2,364,1510,6,0
4,2,365,1037,-1,1
4,2,366,709,6,0
4,2,382,285,6,1
4,2,407,1530,6,0
4,2,413,549,6,0
4,2,420,269,6,1
4,2,431,338,6,0
4,2,439,1215,6,0
4,2,452,880,-1,1
4,2,453,620,6,0
4,2,453,627,6,0
4,2,462,587,6,0
4,2,466,1362,2,0
4,2,478,633,6,0
4,2,484,138,6,0
4,2,504,784,-1,1
4,2,515,604,6,0
4,2,517,1572,6,0
4,2,541,427,-1,1
4,2,542,787,6,0
4,2,546,323,6,1
4,2,547,744,6,0
4,2,552,507,-1,1
4,2,555,206,6,0
4,2,555,409,-1,1
4,2,555,411,6,0
4,2,558,1073,6,0
4,2,565,1643,6,0
4,2,572,1469,6,0
4,2,575,455,-1,1
4,2,578,373,-1,1
4,2,584,40,6,0
4,2,596,1321,6,0
4,2,610,346,6,0
4,2,615,1724,6,0
4,2,616,1174,-1,1
4,2,617,1178,-1,1
4,2,620,1320,-1,1
4,2,623,390,-1,1
4,2,625,1572,-1,1
4,2,650,1268,6,0
4,2,658,1250,6,0
4,2,666,1257,6,0
4,2,666,749,-1,1
4,2,673,126,6,0
4,2,677,814,6,0
4,2,679,1678,-1,1
4,2,685,492,6,1
4,2,687,1464,6,0
4,2,688,1938,6,0
4,2,701,901,6,0
4,2,719,1291,6,0
4,2,722,776,6,0
4,2,722,919,-1,1
4,2,737,1543,6,0
4,2,743,53,6,0
4,2,755,1339,6,0
4,2,757,394,6,0
4,2,759,599,-1,1
4,2,763,928,6,0
4,2,770,611,-1,1
4,2,777,1355,6,0
4,2,785,251,6,0
4,2,791,1381,6,0
4,2,792,1006,6,0
4,2,794,224,6,0
4,2,802,235,-1,1
4,2,805,863,-1,1
4,2,822,1186,6,0
4,2,830,631,6,0
4,2,832,960,6,1
4,2,834,704,6,0
4,2,846,626,6,0
4,2,849,1418,-1,1
4,2,854,1711,6,0
4,2,86,1058,6,0
4,2,87,1127,6,0
4,2,874,335,6,1
4,2,877,1361,6,0
4,2,886,390,6,0
4,2,891,1446,-1,1
4,2,903,988,6,0
4,2,905,627,6,0
4,2,907,395,6,0
4,2,910,133,6,0
4,2,912,102,6,0
4,2,921,915,-1,1
4,2,924,158,6,0
4,2,927,488,6,0
4,2,927,68,-1,1
4,2,929,1302,-1,1
4,2,93,1094,6,0
4,2,937,1694,-1,1
4,2,939,127,6,1
4,2,940,377,6,0
4,2,941,1350,6,1
4,2,946,214,6,0
4,2,951,1069,6,0
4,2,958,1516,6,0
4,2,959,481,6,0
4,2,959,793,6,0
4,2,964,510,6,0
4,2,965,1667,6,1
4,2,965,507,6,0
4,2,968,1666,6,0
4,2,979,211,6,0
4,2,981,788,6,1
4,2,991,694,6,0
4,2,993,1002,6,0
4,2,993,568,6,0
4,2,997,1062,6,0
4,2,999,51,-1,1
4,3,100,1695,6,0
4,3,100,1706,6,0
4,3,1002,1041,6,1
4,3,1007,648,6,0
4,3,1017,1445,6,0
4,3,1020,136,6,0
4,3,1032,132,-1,1
4,3,1036,1111,6,0
4,3,1056,762,2,0
4,3,1059,641,6,0
4,3,1063,761,6,0
4,3,1071,199,6,0
4,3,1086,497,6,0
4,3,111,901,6,0
4,3,1113,152,6,0
4,3,1116,734,2,0
4,3,113,1329,6,0
4,3,1137,429,6,0
4,3,1141,1923,6,0
4,3,1160,996,6,0
4,3,1170,886,-1,1
4,3,1179,120,6,0
4,3,118,1567,6,0
4,3,1180,490,-1,1
4,3,1189,298,6,0
4,3,119,625,6,1
4,3,120,1327,6,0
4,3,120,623,6,0
4,3,1203,788,-1,1
4,3,1214,422,2,0
4,3,122,212,2,0
4,3,1229,398,6,0
4,3,123,947,6,1
4,3,1232,49,6,0
4,3,1234,149,6,0
4,3,1235,412,6,0
4,3,1236,685,6,0
4,3,1239,169,6,0
4,3,1243,602,6,0
4,3,1249,108,6,0
4,3,125,937,6,0
4,3,1250,786,6,0
4,3,129,795,6,1
4,3,1298,663,6,1
4,3,1300,253,6,0
4,3,1330,477,6,0
4,3,1338,167,6,0
4,3,1345,713,6,0
4,3,1347,158,6,0
4,3,136,1697,6,0
4,3,1405,177,6,0
4,3,1408,49,6,0
4,3,1457,102,6,0
4,3,146,1865,6,0
4,3,148,1269,6,0
4,3,148,1453,6,1
4,3,1489,40,6,0
4,3,1509,384,6,0
4,3,1521,432,6,0
4,3,153,1293,6,0
4,3,1534,295,6,0
4,3,1553,109,6,0
4,3,156,388,6,0
4,3,158,749,6,0
4,3,1584,46,6,0
4,3,1593,427,6,0
4,3,163,1611,6,0
4,3,1632,311,6,1
4,3,165,1486,6,0
4,3,167,151,6,0
4,3,1687,286,6,0
4,3,1697,410,6,0
4,3,1713,317,6,0
4,3,1728,60,6,0
4,3,173,1175,6,0
4,3,175,1938,6,0
4,3,179,724,2,0
4,3,179,818,6,0
4,3,1798,379,6,0
4,3,180,80,6,0
4,3,182,951,6,0
4,3,1823,649,-1,1
4,3,183,1475,-1,1
4,3,1865,45,6,0
4,3,187,1634,6,0
4,3,1878,329,6,0
4,3,1886,235,6,0
4,3,1921,445,-1,1
4,3,193,1020,6,0
4,3,193,1597,6,0
4,3,194,1498,6,0
4,3,1948,44,6,0
4,3,1957,289,6,0
4,3,196,2010,6,0
4,3,200,1338,6,0
4,3,203,487,6,1
4,3,203,666,2,0
4,3,205,938,6,0
4,3,210,373,6,0
4,3,211,1304,-1,1
4,3,226,1792,6,0
4,3,226,974,-1,1
4,3,227,1630,2,0
4,3,227,640,6,0
4,3,228,1406,6,0
4,3,229,1790,6,0
4,3,232,903,6,0
4,3,233,882,6,0
4,3,237,1832,6,0
4,3,238,1640,6,0
4,3,240,1404,6,0
4,3,247,737,6,0
4,3,249,840,6,0
4,3,251,1194,6,0
4,3,251,1205,6,0
4,3,254,714,6,0
4,3,259,1626,6,0
4,3,261,1188,6,1
4,3,262,610,6,0
4,3,265,1480,6,0
4,3,265,1613,6,0
4,3,268,956,6,0
4,3,272,1699,6,0
4,3,273,1689,6,1
4,3,274,1681,6,0
4,3,276,781,6,0
4,3,277,1368,6,0
4,3,277,1602,6,0
4,3,277,1679,6,0
4,3,283,1133,6,0
4,3,289,196,6,0
4,3,290,784,6,0
4,3,293,689,6,0
4,3,295,1433,6,0
4,3,297,1791,6,0
4,3,300,317,6,0
4,3,303,689,6,1
4,3,304,462,6,0
4,3,307,1130,6,0
4,3,316,1002,6,0
4,3,326,615,6,0
4,3,344,1733,6,0
4,3,348,665,6,0
4,3,354,707,6,0
4,3,359,1305,-1,1
4,3,360,770,6,0
4,3,362,1986,-1,1
4,3,370,589,6,0
4,3,372,1334,6,0
4,3,373,1860,6,0
4,3,377,774,6,0
4,3,378,632,2,0
4,3,379,1092,6,0
4,3,381,1922,6,0
4,3,382,1233,6,0
4,3,383,1445,6,0
4,3,387,956,6,0
4,3,388,1246,6,0
4,3,388,1311,6,0
4,3,397,1086,6,0
4,3,397,1365,6,0
4,3,405,240,-1,1
4,3,407,1677,6,0
4,3,413,1804,6,0
4,3,414,1164,6,1
4,3,419,123,6,0
4,3,425,1403,6,0
4,3,425,724,6,0
4,3,428,278,6,0
4,3,428,765,6,0
4,3,437,368,-1,1
4,3,438,1248,6,0
4,3,440,368,-1,1
4,3,443,1411,6,0
4,3,445,596,6,0
4,3,456,1397,6,0
4,3,466,1336,6,0
4,3,468,702,6,0
4,3,470,1449,-1,1
4,3,470,1998,6,0
4,3,480,1118,6,0
4,3,485,465,6,1
4,3,485,666,6,0
4,3,501,708,-1,1
4,3,507,151,-1,1
4,3,507,595,6,0
4,3,508,1100,2,0
4,3,522,902,-1,1
4,3,523,902,6,1
4,3,530,614,6,0
4,3,534,612,6,0
4,3,538,1832,-1,1
4,3,538,296,-1,1
4,3,540,1225,6,0
4,3,541,225,2,0
4,3,544,347,6,0
4,3,548,1789,6,0
4,3,552,1977,6,0
4,3,556,1769,2,0
4,3,556,1875,-1,1
4,3,562,811,6,0
4,3,563,1064,6,0
4,3,565,857,6,0
4,3,567,1154,6,0
4,3,569,645,-1,1
4,3,571,1721,6,0
4,3,577,1407,6,0
4,3,578,1121,2,0
4,3,578,519,6,0
4,3,580,1953,6,0
4,3,582,1096,6,0
4,3,582,1151,6,0
4,3,582,1856,6,1
4,3,587,1823,6,0
4,3,589,1196,6,0
4,3,589,1224,6,0
4,3,591,399,6,0
4,3,599,877,-1,1
4,3,609,1181,2,0
4,3,610,591,6,0
4,3,613,1244,6,0
4,3,617,1321,6,0
4,3,618,1018,6,0
4,3,631,2044,6,0
4,3,633,1410,6,0
4,3,635,1634,6,0
4,3,636,1084,6,0
4,3,640,1222,6,0
4,3,640,641,6,0
4,3,647,1810,6,0
4,3,656,1856,6,0
4,3,657,530,6,0
4,3,66,1283,6,0
4,3,663,311,6,0
4,3,667,1732,6,0
4,3,668,1069,6,0
4,3,668,2041,6,0
4,3,670,255,-1,1
4,3,672,1684,6,0
4,3,674,586,6,0
4,3,674,854,2,0
4,3,676,114,-1,1
4,3,677,1261,6,0
4,3,678,1456,6,0
4,3,681,749,6,0
4,3,688,763,6,0
4,3,689,969,-1,1
4,3,693,497,6,0
4,3,695,1324,6,0
4,3,699,1081,6,0
4,3,706,580,6,0
4,3,707,1245,-1,1
4,3,708,999,6,0
4,3,710,1319,6,0
4,3,720,340,6,0
4,3,721,566,-1,1
4,3,724,337,6,0
4,3,726,1728,6,0
4,3,729,1266,6,0
4,3,73,1154,6,0
4,3,733,1047,2,0
4,3,735,207,6,0
4,3,736,2041,6,0
4,3,737,1578,6,0
4,3,742,884,6,0
4,3,746,259,6,0
4,3,75,928,6,0
4,3,754,1047,6,0
4,3,759,1673,6,0
4,3,76,890,6,0
4,3,77,1200,6,0
4,3,77,662,6,0
4,3,772,1722,6,0
4,3,780,1960,2,0
4,3,782,138,6,0
4,3,785,1722,6,0
4,3,786,968,6,0
4,3,789,1100,-1,1
4,3,789,1718,6,0
4,3,79,655,6,0
4,3,797,1680,6,0
4,3,802,1276,6,1
4,3,802,1888,6,0
4,3,804,877,6,0
4,3,806,1907,-1,1
4,3,807,117,6,0
4,3,807,196,6,0
4,3,813,1134,6,1
4,3,818,1072,6,0
4,3,819,202,6,0
4,3,828,118,6,0
4,3,83,1132,6,0
4,3,83,652,6,0
4,3,831,1370,-1,1
4,3,834,476,6,1
4,3,839,1682,6,0
4,3,844,261,6,0
4,3,849,205,6,0
4,3,857,1231,6,0
4,3,858,1765,6,0
4,3,861,1971,6,1
4,3,865,1042,-1,1
4,3,870,617,6,0
4,3,871,932,6,0
4,3,878,887,6,0
4,3,882,1294,6,0
4,3,883,1974,-1,1
4,3,885,197,6,0
4,3,887,493,6,1
4,3,887,789,6,0
4,3,892,897,6,0
4,3,894,312,6,0
4,3,899,1594,6,0
4,3,900,373,6,0
4,3,901,1278,6,0
4,3,908,1280,6,0
4,3,919,1063,6,0
4,3,925,127,6,0
4,3,927,738,6,0
4,3,93,1938,6,0
4,3,933,643,6,1
4,3,935,248,6,0
4,3,946,433,6,0
4,3,948,1210,6,0
4,3,948,623,6,0
4,3,949,423,6,0
4,3,960,1868,6,1
4,3,967,1881,-1,1
4,3,969,84,6,0
4,3,972,1099,6,0
4,3,984,172,6,1
4,3,986,605,6,0
4,3,995,484,6,0
4,4,1004,1981,6,0
4,4,1005,1990,6,0
4,4,1006,230,6,1
4,4,1016,167,6,0
4,4,1030,660,6,0
4,4,1038,260,6,0
4,4,1042,182,6,0
4,4,1043,1001,6,0
4,4,1051,1588,-1,1
4,4,1058,773,6,1
4,4,1059,67,6,0
4,4,1061,1590,-1,1
4,4,1064,1923,6,0
4,4,1070,327,6,0
4,4,1075,1952,6,1
4,4,1081,1643,-1,1
4,4,1084,318,6,0
4,4,1085,344,6,0
4,4,1088,591,-1,1
4,4,109,367,6,0
4,4,1098,1930,6,1
4,4,1099,697,6,0
4,4,110,117,6,0
4,4,110,293,6,0
4,4,1102,1715,6,0
4,4,1103,829,6,0
4,4,1105,1850,-1,1
4,4,1109,784,2,0
4,4,1139,1902,6,1
4,4,1139,672,6,0
4,4,1142,1739,-1,1
4,4,1142,939,2,0
4,4,1149,786,6,0
4,4,1161,156,-1,1
4,4,1170,150,6,0
4,4,1170,886,6,0
4,4,1171,1803,2,0
4,4,1173,1949,6,0
4,4,1187,268,6,0
4,4,1192,1577,6,0
4,4,1193,1777,-1,1
4,4,1204,149,6,0
4,4,1206,228,6,0
4,4,1217,1359,6,0
4,4,1232,1132,6,0
4,4,1235,1905,6,1
4,4,1245,367,6,0
4,4,1246,1130,-1,1
4,4,1246,1382,-1,1
4,4,1246,1854,6,0
4,4,1246,863,-1,1
4,4,1247,1099,-1,1
4,4,1247,1221,-1,1
4,4,1247,377,-1,1
4,4,1247,438,-1,1
4,4,1247,711,-1,1
4,4,1247,774,-1,1
4,4,1262,1140,6,0
4,4,1272,988,6,0
4,4,1278,145,2,0
4,4,1297,933,-1,1
4,4,1301,1719,6,0
4,4,1319,908,6,0
4,4,1322,1550,6,0
4,4,1345,1013,6,0
4,4,1347,77,6,0
4,4,1356,268,6,0
4,4,1362,811,2,0
4,4,1372,1433,6,0
4,4,1376,1875,6,0
4,4,1377,686,6,0
4,4,1387,1668,6,0
4,4,1415,1922,6,0
4,4,1421,598,-1,1
4,4,1436,580,6,0
4,4,1438,778,-1,1
4,4,146,234,6,0
4,4,1464,231,6,1
4,4,1465,559,-1,1
4,4,1466,729,6,0
4,4,1467,482,-1,1
4,4,1478,919,6,0
4,4,1494,267,6,0
4,4,1498,168,6,0
4,4,1504,1596,6,0
4,4,1514,1063,6,0
4,4,1519,155,6,0
4,4,1524,45,6,0
4,4,1529,140,6,0
4,4,1533,520,6,0
4,4,1534,1076,6,0
4,4,1535,519,6,1
4,4,1540,136,6,0
4,4,1540,968,0,0
4,4,1561,886,6,0
4,4,1577,279,6,0
4,4,1580,1585,6,0
4,4,1583,291,6,0
4,4,1584,179,-1,1
4,4,1586,180,-1,1
4,4,1596,637,6,0
4,4,1597,695,6,0
4,4,1604,336,6,0
4,4,1620,1565,-1,1
4,4,1629,1294,6,0
4,4,1650,1662,6,0
4,4,1683,560,6,0
4,4,1693,463,6,0
4,4,1699,1380,6,0
4,4,1707,1385,6,0
4,4,1715,1091,6,0
4,4,1716,291,6,1
4,4,1720,1447,6,0
4,4,1720,1578,6,0
4,4,1736,810,6,0
4,4,1755,1775,6,0
4,4,1777,1479,6,1
4,4,1781,781,6,0
4,4,1795,218,6,0
4,4,1798,1455,6,0
4,4,1803,1790,6,0
4,4,1803,606,6,0
4,4,1804,456,-1,1
4,4,1805,1820,-1,1
4,4,1824,960,6,0
4,4,1837,950,6,0
4,4,1839,1461,6,0
4,4,1852,502,6,0
4,4,1860,55,6,0
4,4,1860,718,6,0
4,4,1862,1858,6,0
4,4,1878,1592,6,0
4,4,1889,277,6,0
4,4,1889,677,6,0
4,4,190,159,6,0
4,4,1900,616,-1,1
4,4,1901,554,-1,1
4,4,1905,1506,6,0
4,4,1915,1714,-1,1
4,4,1916,2010,6,0
4,4,1925,529,6,0
4,4,1930,700,6,1
4,4,1940,701,6,0
4,4,1953,1158,6,0
4,4,1965,1287,6,0
4,4,1969,760,6,0
4,4,1969,953,-1,1
4,4,1973,748,6,0
4,4,1977,748,6,0
4,4,1984,1189,6,0
4,4,1988,1538,6,0
4,4,199,136,2,0
4,4,1995,1101,6,0
4,4,2004,209,6,0
4,4,2010,1144,6,0
4,4,2034,1265,-1,1
4,4,2036,732,6,0
4,4,2058,1189,6,0
4,4,2061,622,6,0
4,4,2063,1299,6,0
4,4,2078,1669,6,0
4,4,2079,717,6,0
4,4,231,101,6,0
4,4,241,195,6,0
4,4,244,475,6,0
4,4,269,50,6,0
4,4,277,354,6,0
4,4,290,51,6,0
4,4,326,1685,6,0
4,4,333,269,6,0
4,4,339,237,6,0
4,4,343,236,6,0
4,4,354,364,6,0
4,4,401,239,-1,1
4,4,443,445,6,0
4,4,475,283,6,0
4,4,478,421,6,0
4,4,526,395,6,0
4,4,588,1856,6,1
4,4,618,1857,6,0
4,4,635,1804,6,0
4,4,636,480,6,1
4,4,641,1947,-1,1
4,4,651,214,6,0
4,4,71,96,6,0
4,4,716,139,6,0
4,4,717,87,6,0
4,4,721,67,6,0
4,4,742,466,6,0
4,4,743,1927,6,0
4,4,746,338,6,0
4,4,748,169,6,0
4,4,768,506,2,0
4,4,780,1536,6,0
4,4,782,383,6,1
4,4,796,355,6,0
4,4,797,466,6,0
4,4,798,600,6,0
4,4,803,521,6,0
4,4,806,59,6,0
4,4,810,287,6,0
4,4,816,484,-1,1
4,4,823,818,6,1
4,4,844,101,-1,1
4,4,859,67,6,0
4,4,867,205,6,1
4,4,869,527,6,0
4,4,873,1960,-1,1
4,4,878,771,6,0
4,4,887,520,6,0
4,4,887,579,6,0
4,4,906,569,6,0
4,4,926,1755,6,0
4,4,928,92,-1,1
4,4,933,852,6,0
4,4,934,539,4,0
4,4,937,35,6,0
4,4,939,50,6,0
4,4,940,1080,6,0
4,4,968,369,-1,1
4,4,974,489,6,0
4,4,977,43,6,0
4,4,980,130,-1,1
4,4,985,623,6,0
4,4,988,1696,-1,1
4,4,991,1908,6,0
