1,1,100,943,1,0
1,1,1001,1916,1,0
1,1,1005,1875,1,0
1,1,1006,457,1,0
1,1,1015,338,1,0
1,1,1018,202,1,0
1,1,1044,2019,1,0
1,1,1079,1577,-1,1
1,1,1090,1686,-1,1
1,1,1101,618,1,1
1,1,1128,2002,1,0
1,1,1128,2005,1,0
1,1,1155,1232,1,0
1,1,1165,658,-1,1
1,1,1170,1708,1,0
1,1,1175,1417,1,0
1,1,1176,1131,1,0
1,1,1176,82,1,0
1,1,1186,1602,-1,1
1,1,1222,847,1,0
1,1,1224,1361,1,0
1,1,1233,729,1,0
1,1,1233,733,1,0
1,1,1237,1260,-1,1
1,1,1262,1083,1,0
1,1,1268,1301,-1,1
1,1,1291,839,1,0
1,1,1306,856,-1,1
1,1,1317,2003,1,0
1,1,1320,1605,1,0
1,1,1337,991,-1,1
1,1,1347,1130,-1,1
1,1,1350,1670,-1,1
1,1,1350,1673,-1,1
1,1,1355,1082,1,0
1,1,1381,1230,1,0
1,1,1384,1056,1,1
1,1,1387,1111,-1,1
1,1,1387,1995,1,0
1,1,1387,1998,1,0
1,1,1398,1301,1,0
1,1,1414,1071,1,0
1,1,143,1535,1,0
1,1,1430,1059,1,0
1,1,1432,1186,1,0
1,1,1449,1794,1,0
1,1,1458,1115,1,0
1,1,1481,1496,1,0
1,1,150,788,-1,1
1,1,1511,148,1,0
1,1,1517,1680,1,0
1,1,155,1463,1,0
1,1,155,451,-1,1
1,1,1563,1103,1,1
1,1,1647,1620,1,0
1,1,1648,2002,1,0
1,1,1660,2014,1,0
1,1,1662,1986,1,0
1,1,1667,1849,1,0
1,1,1668,982,1,0
1,1,1678,1882,1,0
1,1,1715,1784,-1,1
1,1,1720,1475,-1,1
1,1,1720,1479,-1,1
1,1,1726,1598,1,0
1,1,174,1526,1,0
1,1,1740,795,1,0
1,1,1747,785,1,0
1,1,1754,668,1,0
1,1,176,1283,1,0
1,1,176,1297,1,0
1,1,1764,1188,1,0
1,1,1805,2036,1,0
1,1,1811,905,1,0
1,1,1822,1951,-1,1
1,1,1823,1963,-1,1
1,1,1852,1985,1,1
1,1,1859,1282,1,1
1,1,1869,1004,-1,1
1,1,1879,1814,-1,1
1,1,190,1121,-1,1
1,1,190,1123,-1,1
1,1,1911,459,-1,1
1,1,1919,1057,1,0
1,1,192,1098,1,0
1,1,1927,2015,1,1
1,1,1932,1408,1,0
1,1,1943,1753,1,0
1,1,1947,1421,1,0
1,1,1962,970,-1,1
1,1,1991,1469,-1,1
1,1,1996,697,1,0
1,1,2009,782,-1,1
1,1,202,1518,1,0
1,1,2024,1746,1,0
1,1,2028,1927,1,0
1,1,2028,1930,1,0
1,1,2029,1010,1,0
1,1,2029,1338,1,0
1,1,2045,841,1,0
1,1,2045,843,1,0
1,1,2049,976,1,0
1,1,2059,729,-1,1
1,1,2060,727,1,0
1,1,208,1371,1,0
1,1,213,1631,1,0
1,1,215,1522,1,0
1,1,223,965,1,0
1,1,240,1608,-1,1
1,1,261,471,1,0
1,1,266,2030,1,0
1,1,287,2035,1,1
1,1,289,1336,1,0
1,1,292,296,1,0
1,1,306,1118,-1,1
1,1,310,702,1,1
1,1,318,1846,1,1
1,1,324,1505,1,0
1,1,334,1195,-1,1
1,1,338,1822,1,0
1,1,363,770,-1,1
1,1,364,1490,1,0
1,1,364,768,1,0
1,1,366,915,1,0
1,1,376,807,1,0
1,1,401,935,1,0
1,1,406,921,1,1
1,1,406,922,1,0
1,1,427,1016,1,0
1,1,431,814,1,0
1,1,436,1019,-1,1
1,1,442,1595,1,0
1,1,442,724,1,0
1,1,446,1027,1,1
1,1,451,1596,1,1
1,1,452,1012,1,0
1,1,452,881,1,0
1,1,455,1409,1,0
1,1,459,1986,1,0
1,1,468,922,1,0
1,1,488,673,1,0
1,1,553,473,1,0
1,1,557,664,1,0
1,1,572,1796,1,0
1,1,583,1811,1,0
1,1,596,1151,1,0
1,1,616,1830,1,0
1,1,618,1132,1,0
1,1,618,922,1,0
1,1,619,1862,1,0
1,1,623,1144,1,0
1,1,626,1984,1,0
1,1,637,1589,-1,1
1,1,637,1594,1,0
1,1,654,1790,-1,1
1,1,666,300,1,0
1,1,673,904,1,1
1,1,676,1187,-1,1
1,1,680,1870,-1,1
1,1,683,479,1,0
1,1,687,1092,1,0
1,1,690,1507,1,0
1,1,693,1373,-1,1
1,1,694,1852,1,0
1,1,695,1739,1,0
1,1,70,1792,1,0
1,1,706,1134,1,0
1,1,706,1138,1,0
1,1,711,1927,1,1
1,1,726,1118,1,0
1,1,728,294,1,0
1,1,733,134,-1,1
1,1,759,1063,-1,1
1,1,777,1056,1,0
1,1,784,1602,-1,1
1,1,788,934,1,0
1,1,789,933,1,0
1,1,800,1004,1,0
1,1,81,1767,1,1
1,1,836,1622,1,0
1,1,84,1511,1,0
1,1,851,1969,1,0
1,1,857,796,1,0
1,1,868,1640,1,0
1,1,879,1838,-1,1
1,1,900,139,1,1
1,1,904,244,-1,1
1,1,909,1609,1,0
1,1,934,2014,1,0
1,1,955,733,1,1
1,1,956,1259,1,1
1,1,96,1288,1,0
1,2,1005,1734,1,0
1,2,1006,1398,1,0
1,2,1021,1434,1,0
1,2,1029,1809,1,0
1,2,1084,39,1,0
1,2,1111,245,-1,1
1,2,1127,1672,-1,1
1,2,1132,1687,1,1
1,2,1137,1880,1,0
1,2,118,1079,1,0
1,2,1189,1607,1,1
1,2,1201,1857,1,0
1,2,1252,1970,1,0
1,2,1283,328,-1,1
1,2,1283,334,-1,1
1,2,1304,898,1,1
1,2,1342,188,1,0
1,2,136,1615,-1,1
1,2,1405,1855,1,0
1,2,1405,2028,1,0
1,2,143,1889,-1,1
1,2,1439,2047,1,0
1,2,144,2006,1,0
1,2,144,610,1,0
1,2,147,1580,1,0
1,2,1481,1887,1,0
1,2,1515,487,1,0
1,2,152,1868,-1,1
1,2,1520,764,1,0
1,2,1524,627,1,1
1,2,153,1870,1,1
1,2,1569,1729,-1,1
1,2,1613,261,1,0
1,2,166,410,1,0
1,2,1677,1707,-1,1
1,2,1678,1710,-1,1
1,2,168,1494,1,0
1,2,1688,1807,1,1
1,2,174,1624,1,0
1,2,1744,1069,1,0
1,2,1768,1209,1,1
1,2,182,1200,-1,1
1,2,1820,1106,1,0
1,2,1835,1641,1,0
1,2,1846,1171,1,0
1,2,1870,713,1,0
1,2,1911,214,1,0
1,2,1927,1155,1,0
1,2,1957,666,1,0
1,2,1980,1474,1,0
1,2,1981,1478,-1,1
1,2,1983,1657,1,1
1,2,2000,1749,-1,1
1,2,2012,1834,-1,1
1,2,2039,1200,1,0
1,2,204,668,-1,1
1,2,2061,1368,-1,1
1,2,2063,1383,1,0
1,2,221,179,-1,1
1,2,244,675,1,0
1,2,248,1846,1,0
1,2,250,608,1,0
1,2,262,1292,1,0
1,2,272,617,1,0
1,2,317,129,1,0
1,2,321,1568,1,0
1,2,321,1569,-1,1
1,2,321,874,1,0
1,2,325,1402,1,0
1,2,349,558,1,0
1,2,349,962,1,0
1,2,428,810,1,0
1,2,451,1118,1,0
1,2,452,1182,1,1
1,2,457,868,1,0
1,2,475,1811,1,0
1,2,478,1834,1,1
1,2,50,782,1,0
1,2,501,857,-1,1
1,2,515,808,1,0
1,2,56,878,1,0
1,2,565,42,-1,1
1,2,575,1540,1,0
1,2,603,770,1,0
1,2,606,828,1,0
1,2,638,97,1,0
1,2,653,815,1,1
1,2,654,1094,1,0
1,2,662,1757,-1,1
1,2,665,1917,1,0
1,2,667,855,1,1
1,2,68,929,1,1
1,2,697,1788,1,1
1,2,698,1250,1,0
1,2,708,1498,1,0
1,2,724,1784,1,0
1,2,728,624,-1,1
1,2,732,2026,-1,1
1,2,732,2042,-1,1
1,2,732,2047,-1,1
1,2,759,68,1,0
1,2,772,2008,1,0
1,2,781,1780,-1,1
1,2,782,1955,1,0
1,2,785,1245,-1,1
1,2,844,1631,-1,1
1,2,845,143,1,0
1,2,854,2046,1,0
1,2,862,1561,1,0
1,2,879,1596,1,1
1,2,899,1001,1,0
1,2,90,1109,1,0
1,2,92,1043,1,0
1,2,934,1006,1,0
1,2,934,2025,1,0
1,2,945,189,-1,1
1,2,970,411,-1,1
1,2,988,985,1,0
1,2,991,1911,-1,1
1,3,1003,430,-1,1
1,3,1016,1389,1,0
1,3,1027,1365,-1,1
1,3,1028,1741,1,0
1,3,1028,1742,1,0
1,3,1033,1642,1,1
1,3,1087,1579,1,0
1,3,1093,1526,1,0
1,3,1096,759,1,0
1,3,1098,779,-1,1
1,3,1099,397,1,0
1,3,1103,402,1,0
1,3,1112,1480,1,0
1,3,1124,145,1,0
1,3,1128,1722,1,0
1,3,1128,908,1,0
1,3,1130,1541,1,1
1,3,1133,1812,1,0
1,3,1144,1793,1,0
1,3,1147,1521,1,0
1,3,1148,196,1,0
1,3,1152,1788,1,0
1,3,1154,1131,1,0
1,3,1155,169,1,0
1,3,1155,1784,1,0
1,3,1158,1010,-1,1
1,3,1166,1199,1,0
1,3,117,978,1,0
1,3,117,980,1,1
1,3,1170,1539,1,0
1,3,1172,265,1,0
1,3,1181,1215,-1,1
1,3,1181,1441,1,0
1,3,1181,196,1,0
1,3,1190,1699,1,0
1,3,1192,230,1,0
1,3,1197,1102,-1,1
1,3,1208,1395,-1,1
1,3,1211,1443,1,0
1,3,1228,1088,1,0
1,3,1232,1122,1,0
1,3,1232,1721,1,0
1,3,1234,1898,1,0
1,3,1238,937,1,0
1,3,1254,150,1,0
1,3,1261,1603,-1,1
1,3,1264,1273,1,0
1,3,1270,1370,1,0
1,3,1275,1707,1,0
1,3,1280,1504,1,0
1,3,1284,1683,1,1
1,3,1286,333,1,0
1,3,1290,951,1,0
1,3,1297,1823,1,0
1,3,1302,1939,-1,1
1,3,1304,165,1,0
1,3,1327,1907,1,0
1,3,1336,927,1,0
1,3,1338,1942,1,0
1,3,1343,1505,1,0
1,3,1345,1687,1,0
1,3,1356,1258,1,1
1,3,1364,1264,1,0
1,3,1365,1580,-1,1
1,3,1368,673,-1,1
1,3,1371,1782,1,0
1,3,1378,2001,1,1
1,3,1379,2021,1,0
1,3,1381,1082,1,0
1,3,1398,812,-1,1
1,3,1402,1309,1,0
1,3,1414,674,-1,1
1,3,1416,1717,1,0
1,3,1421,1972,1,0
1,3,1424,1209,-1,1
1,3,1425,683,1,0
1,3,1432,1428,1,0
1,3,144,951,1,0
1,3,1441,229,-1,1
1,3,1446,1489,1,0
1,3,1448,1995,1,1
1,3,1451,126,1,0
1,3,1451,1682,1,1
1,3,1459,1615,1,0
1,3,1463,1105,1,0
1,3,1479,1821,1,0
1,3,1482,369,1,0
1,3,1498,1794,1,0
1,3,1498,1795,1,0
1,3,1499,1270,1,1
1,3,1508,95,1,0
1,3,1518,1811,1,1
1,3,1524,194,1,0
1,3,1529,1425,1,0
1,3,1541,1425,1,0
1,3,1542,1126,1,0
1,3,1544,1664,1,0
1,3,1546,1928,1,0
1,3,1554,1384,1,0
1,3,1561,1414,1,0
1,3,1562,1081,-1,1
1,3,1563,1441,1,0
1,3,1563,1875,1,0
1,3,1575,1341,1,0
1,3,1578,1471,-1,1
1,3,1582,598,-1,1
1,3,1609,1437,1,0
1,3,1621,1261,1,0
1,3,1630,1830,1,0
1,3,1634,496,1,0
1,3,1642,113,1,0
1,3,1649,1955,1,0
1,3,165,1420,1,0
1,3,165,1757,1,0
1,3,1658,695,1,0
1,3,166,970,1,0
1,3,1661,754,1,1
1,3,1674,1792,1,0
1,3,1677,1448,1,0
1,3,1680,1880,1,0
1,3,1686,923,1,1
1,3,1687,472,1,1
1,3,1694,941,-1,1
1,3,1696,1375,1,0
1,3,1696,48,1,0
1,3,1697,1313,1,0
1,3,1700,1435,-1,1
1,3,1702,110,1,0
1,3,1703,155,1,0
1,3,1703,1604,1,0
1,3,1705,176,1,0
1,3,1707,376,1,0
1,3,1714,37,-1,1
1,3,1720,1166,1,1
1,3,1721,642,1,0
1,3,1723,487,1,0
1,3,1726,101,1,0
1,3,1727,1282,1,0
1,3,1727,861,1,0
1,3,173,443,-1,1
1,3,173,445,1,0
1,3,1732,1978,-1,1
1,3,1735,44,1,0
1,3,1735,46,1,0
1,3,1743,187,1,0
1,3,175,1457,-1,1
1,3,1751,1961,1,0
1,3,1758,329,1,0
1,3,1766,876,-1,1
1,3,1775,1604,1,0
1,3,1784,268,1,0
1,3,1791,1834,1,0
1,3,1796,1245,1,0
1,3,1798,180,1,1
1,3,1815,702,1,0
1,3,1817,1706,1,0
1,3,1824,1588,1,0
1,3,183,1487,1,0
1,3,183,1490,1,0
1,3,1832,121,1,0
1,3,1837,79,1,0
1,3,1841,1939,1,0
1,3,1843,1929,1,0
1,3,1854,1790,1,0
1,3,1866,1383,1,0
1,3,1874,423,1,0
1,3,1877,1238,1,0
1,3,1880,1616,1,0
1,3,1885,1949,1,0
1,3,1904,602,-1,1
1,3,1905,1239,1,0
1,3,1908,674,1,0
1,3,1910,44,1,0
1,3,192,1456,1,0
1,3,192,1543,1,0
1,3,1924,673,-1,1
1,3,1925,1705,1,0
1,3,194,1448,1,0
1,3,1946,1543,1,0
1,3,1950,1481,-1,1
1,3,1951,1441,-1,1
1,3,1951,1660,1,0
1,3,1956,132,1,0
1,3,1959,1973,-1,1
1,3,1964,1259,1,0
1,3,1971,1891,1,0
1,3,1972,338,-1,1
1,3,1982,1461,-1,1
1,3,1992,671,-1,1
1,3,1993,579,1,0
1,3,2004,1827,1,0
1,3,2015,1842,1,0
1,3,202,1418,1,0
1,3,2022,1089,1,0
1,3,2024,712,1,0
1,3,2027,758,-1,1
1,3,2035,838,1,0
1,3,204,1459,1,0
1,3,204,1462,1,0
1,3,2052,1117,1,0
1,3,2052,1886,1,0
1,3,2055,1630,1,0
1,3,2064,279,1,0
1,3,2064,458,1,0
1,3,2067,1696,-1,1
1,3,207,1447,1,0
1,3,2072,303,1,0
1,3,2075,1676,1,0
1,3,208,1450,1,0
1,3,215,791,1,0
1,3,226,1515,1,0
1,3,228,1499,1,0
1,3,231,1032,1,0
1,3,235,809,-1,1
1,3,236,705,-1,1
1,3,249,1460,1,0
1,3,249,1463,1,0
1,3,266,1430,1,0
1,3,268,1191,1,0
1,3,276,1197,1,0
1,3,299,886,-1,1
1,3,301,1195,1,0
1,3,306,1055,1,0
1,3,320,1329,1,0
1,3,320,1977,1,0
1,3,324,1086,1,0
1,3,327,233,-1,1
1,3,329,231,1,0
1,3,332,989,1,0
1,3,408,162,1,0
1,3,411,566,1,0
1,3,415,1109,1,0
1,3,418,1917,1,1
1,3,428,1325,1,0
1,3,429,1323,1,0
1,3,438,139,1,0
1,3,439,138,1,0
1,3,441,856,1,1
1,3,446,1911,1,0
1,3,448,813,1,0
1,3,449,811,1,0
1,3,454,1113,1,0
1,3,477,1864,1,0
1,3,478,655,-1,1
1,3,480,988,-1,1
1,3,482,937,-1,1
1,3,485,502,1,0
1,3,486,500,-1,1
1,3,488,1735,1,0
1,3,495,1535,-1,1
1,3,558,448,1,0
1,3,570,466,1,0
1,3,573,442,1,0
1,3,577,636,1,0
1,3,578,634,1,0
1,3,601,763,-1,1
1,3,607,214,1,0
1,3,611,91,1,0
1,3,614,802,1,0
1,3,615,1256,-1,1
1,3,625,143,1,0
1,3,661,225,1,0
1,3,676,2016,-1,1
1,3,746,971,1,0
1,3,770,1975,1,0
1,3,772,1975,-1,1
1,3,779,1902,-1,1
1,3,799,903,1,0
1,3,800,1068,-1,1
1,3,802,1674,1,0
1,3,811,1472,1,1
1,3,827,690,1,0
1,3,831,1715,1,0
1,3,841,263,-1,1
1,3,843,262,1,0
1,3,850,1260,1,1
1,3,850,503,1,0
1,3,851,2017,1,0
1,3,855,2027,1,0
1,3,857,475,1,1
1,3,865,722,-1,1
1,3,868,1900,1,0
1,3,914,1086,-1,1
1,3,923,1650,1,0
1,3,933,1636,1,0
1,3,936,58,1,0
1,3,950,833,1,1
1,3,958,1837,1,0
1,3,959,1935,1,0
1,3,959,1937,1,0
1,3,960,1279,1,1
1,3,960,1513,1,0
1,3,963,1357,1,0
1,3,970,1539,1,1
1,3,972,294,1,0
1,3,979,254,1,0
1,3,997,46,1,0
1,4,102,1904,1,0
1,4,1020,1686,1,0
1,4,1024,1580,1,1
1,4,1026,453,1,0
1,4,1029,1663,1,0
1,4,1029,1816,1,0
1,4,103,1326,1,0
1,4,103,1438,1,0
1,4,1039,1729,-1,1
1,4,1041,1813,-1,1
1,4,1051,1413,-1,1
1,4,1053,1694,1,0
1,4,1054,1804,1,0
1,4,1058,1613,1,0
1,4,1087,872,-1,1
1,4,1120,1800,1,0
1,4,1120,877,1,1
1,4,1146,1840,1,0
1,4,1152,39,-1,1
1,4,1154,1732,1,0
1,4,1155,1795,1,0
1,4,1157,1514,1,0
1,4,1167,743,1,0
1,4,118,1374,-1,1
1,4,1182,1923,1,0
1,4,1185,1968,1,0
1,4,1189,1839,1,0
1,4,119,903,1,0
1,4,1192,1283,1,0
1,4,1192,2008,-1,1
1,4,1228,1702,-1,1
1,4,1229,1806,1,0
1,4,1229,1867,1,0
1,4,124,399,1,0
1,4,1243,1957,1,0
1,4,1244,1902,1,0
1,4,1248,708,1,0
1,4,1250,1149,1,1
1,4,1259,1752,-1,1
1,4,1261,1970,1,0
1,4,1261,1972,1,0
1,4,127,958,-1,1
1,4,1270,1931,1,0
1,4,1273,1739,1,0
1,4,1279,1916,1,0
1,4,1288,1106,1,0
1,4,1349,2029,1,0
1,4,1378,1328,1,1
1,4,1384,923,-1,1
1,4,1393,1721,1,0
1,4,1427,579,1,0
1,4,1428,1858,1,0
1,4,1431,1587,-1,1
1,4,1445,1929,1,0
1,4,1447,1420,1,0
1,4,1453,1445,1,0
1,4,1463,1922,1,0
1,4,1478,1884,1,0
1,4,1478,1886,1,0
1,4,148,1402,1,0
1,4,1495,1936,1,0
1,4,1519,1620,1,0
1,4,1525,1890,1,0
1,4,1528,1654,1,0
1,4,1528,1936,1,0
1,4,1533,1139,1,0
1,4,1535,1853,1,0
1,4,1568,1191,1,0
1,4,1623,1799,1,0
1,4,163,1203,-1,1
1,4,1640,645,1,0
1,4,1641,1782,1,0
1,4,1648,1700,1,0
1,4,165,1609,-1,1
1,4,170,1861,-1,1
1,4,1733,1260,1,0
1,4,1757,1404,1,0
1,4,1807,651,1,0
1,4,1815,1793,1,0
1,4,184,1829,1,1
1,4,1850,1106,1,0
1,4,1852,842,-1,1
1,4,1855,1111,1,0
1,4,1869,1891,1,0
1,4,1874,1715,1,0
1,4,188,252,1,0
1,4,1893,580,1,0
1,4,1894,1617,1,0
1,4,192,171,1,0
1,4,192,1929,1,0
1,4,1928,1133,1,0
1,4,1929,1424,1,0
1,4,1940,467,-1,1
1,4,1948,1802,-1,1
1,4,1953,1099,-1,1
1,4,1953,1612,1,1
1,4,1959,1237,1,0
1,4,1965,414,-1,1
1,4,1969,1390,-1,1
1,4,2004,1640,-1,1
1,4,2011,1477,1,1
1,4,2011,97,1,0
1,4,2027,1222,1,0
1,4,2033,1568,1,0
1,4,2055,1340,-1,1
1,4,206,47,1,0
1,4,2066,1291,1,1
1,4,2077,1646,1,0
1,4,2078,1648,1,0
1,4,218,537,1,1
1,4,240,682,-1,1
1,4,240,890,1,0
1,4,260,1752,-1,1
1,4,266,1443,1,1
1,4,266,1843,1,0
1,4,267,1879,1,0
1,4,284,1492,1,0
1,4,288,1623,1,0
1,4,295,846,1,0
1,4,343,1934,1,0
1,4,350,1138,1,0
1,4,351,1570,1,1
1,4,367,1853,1,0
1,4,368,1812,1,0
1,4,370,2010,1,1
1,4,381,1976,1,0
1,4,382,1943,1,0
1,4,405,715,1,0
1,4,406,1756,1,1
1,4,415,1759,1,0
1,4,415,1893,1,0
1,4,418,2027,-1,1
1,4,418,708,-1,1
1,4,418,710,-1,1
1,4,445,1763,1,0
1,4,446,706,1,0
1,4,459,681,-1,1
1,4,464,1875,-1,1
1,4,468,2007,-1,1
1,4,470,72,1,0
1,4,470,75,1,0
1,4,473,1482,1,0
1,4,478,1832,1,0
1,4,481,1694,-1,1
1,4,481,1697,1,0
1,4,493,1214,1,0
1,4,522,1148,1,1
1,4,549,498,-1,1
1,4,55,1984,1,0
1,4,566,337,1,0
1,4,57,1908,1,0
1,4,595,935,1,0
1,4,640,925,1,0
1,4,65,1887,1,0
1,4,655,1896,-1,1
1,4,668,1569,1,0
1,4,689,1512,1,0
1,4,713,1312,-1,1
1,4,72,661,-1,1
1,4,73,1131,1,0
1,4,73,1943,1,0
1,4,748,2025,-1,1
1,4,749,1579,1,0
1,4,750,1700,1,0
1,4,751,505,1,0
1,4,760,1663,1,0
1,4,774,1720,1,0
1,4,790,1456,-1,1
1,4,797,1317,-1,1
1,4,812,1122,1,1
1,4,816,386,1,0
1,4,831,1092,1,0
1,4,842,1393,1,0
1,4,865,1443,-1,1
1,4,866,1447,1,0
1,4,869,1203,1,0
1,4,87,1510,1,0
1,4,88,1511,1,0
1,4,88,1951,1,0
1,4,888,1388,1,0
1,4,893,1921,1,0
1,4,900,407,1,1
1,4,906,1674,-1,1
1,4,917,2032,1,0
1,4,921,1319,1,0
1,4,923,2021,1,0
1,4,926,1674,1,0
1,4,947,1156,1,1
1,4,948,1805,1,0
1,4,96,1498,1,1
1,4,986,1792,1,0
1,4,989,1636,1,0
1,4,992,1669,1,0
1,4,993,1711,1,0
1,4,994,1837,1,0
2,1,1030,1973,1,0
2,1,1035,2028,1,0
2,1,1065,1856,1,0
2,1,1072,1894,1,0
2,1,1075,1955,1,0
2,1,1124,1700,1,0
2,1,1166,1597,1,0
2,1,1201,1780,1,0
2,1,1207,1589,1,0
2,1,1226,1893,1,0
2,1,1275,1944,1,0
2,1,1298,1796,1,0
2,1,1301,1761,1,0
2,1,1325,1916,1,0
2,1,1347,1802,1,0
2,1,1378,1769,1,0
2,1,1415,1678,1,0
2,1,1480,1940,1,0
2,1,1486,989,1,0
2,1,1500,1426,1,0
2,1,1630,1494,-1,1
2,1,1642,1920,1,0
2,1,1670,1423,1,0
2,1,1683,1946,1,0
2,1,1688,1918,1,0
2,1,1690,1893,1,0
2,1,1697,1828,1,0
2,1,1711,1796,1,0
2,1,1743,1796,1,0
2,1,1747,1818,1,0
2,1,1755,1903,1,0
2,1,1757,1842,1,0
2,1,1775,2013,1,0
2,1,1810,1908,1,0
2,1,1818,1885,1,0
2,1,1821,1700,1,0
2,1,1824,1529,-1,1
2,1,1830,1859,1,0
2,1,1832,1359,1,0
2,1,1832,1908,1,0
2,1,1852,1710,1,0
2,1,1852,1864,1,0
2,1,1863,1824,1,0
2,1,188,1556,1,0
2,1,1880,1934,1,0
2,1,1906,1132,1,0
2,1,1917,1611,1,0
2,1,1946,1825,1,0
2,1,1988,1611,1,0
2,1,1990,1535,1,0
2,1,2000,1795,1,0
2,1,2005,1831,1,0
2,1,2021,1731,1,0
2,1,2024,1778,1,0
2,1,2045,1208,-1,1
2,1,209,2037,1,0
2,1,227,826,1,0
2,1,250,1020,1,0
2,1,255,2033,1,0
2,1,321,975,1,0
2,1,400,1983,-1,1
2,1,592,340,-1,1
2,1,643,1012,1,0
2,1,649,1963,-1,1
2,1,693,685,1,0
2,1,716,2021,1,0
2,1,732,1021,-1,1
2,1,809,2003,1,0
2,1,824,1939,1,0
2,1,888,1728,1,0
2,1,915,1104,1,0
2,1,918,1966,1,0
2,2,131,1303,1,0
2,2,131,1986,-1,1
2,2,1486,1700,-1,1
2,2,1486,1710,-1,1
2,2,159,1814,-1,1
2,2,1659,1857,1,0
2,2,190,1946,1,0
2,2,1944,1504,1,1
2,2,2024,1570,1,0
2,2,2039,2021,1,0
2,2,267,1840,1,0
2,2,289,2038,1,0
2,2,294,1494,1,0
2,2,305,1242,1,0
2,2,381,1310,-1,1
2,2,422,1713,1,0
2,2,428,1522,-1,1
2,2,432,1419,-1,1
2,2,485,2027,1,0
2,2,486,1485,1,0
2,2,486,1503,1,0
2,2,514,1743,1,0
2,2,523,1815,1,0
2,2,58,1897,1,0
2,2,59,1973,1,0
2,2,60,1971,1,0
2,2,632,1755,1,0
2,2,824,2041,1,0
2,2,87,1996,1,0
2,2,900,2036,1,0
2,2,938,1963,1,0
2,2,96,1829,1,0
2,2,969,1951,1,1
2,2,974,1921,1,0
2,3,1004,760,1,0
2,3,1084,1912,1,0
2,3,1099,320,-1,1
2,3,1121,330,1,0
2,3,1121,670,1,0
2,3,1122,667,1,0
2,3,114,837,1,1
2,3,1145,615,1,0
2,3,1145,617,1,0
2,3,1156,2027,1,0
2,3,1170,1944,1,0
2,3,1178,1183,1,0
2,3,1181,628,1,0
2,3,1189,1087,1,0
2,3,1207,1308,1,0
2,3,1207,1582,1,0
2,3,1214,1422,-1,1
2,3,1215,1884,1,0
2,3,1235,1908,1,0
2,3,1282,1910,1,0
2,3,1309,268,1,0
2,3,1319,1868,1,0
2,3,1330,133,1,0
2,3,1331,1986,1,0
2,3,1345,1817,1,0
2,3,1346,1989,1,0
2,3,1355,922,0,0
2,3,1359,1708,1,0
2,3,1388,1623,1,0
2,3,1401,685,-1,1
2,3,1411,1916,1,0
2,3,1411,816,1,0
2,3,1418,1752,1,0
2,3,1431,1928,1,0
2,3,1441,494,1,0
2,3,145,619,1,0
2,3,1458,1826,1,0
2,3,1470,518,-1,1
2,3,1477,1164,1,0
2,3,1486,872,1,0
2,3,1488,1809,1,0
2,3,1492,1978,1,0
2,3,1495,1845,1,0
2,3,1499,1916,1,0
2,3,1509,396,1,0
2,3,1525,1891,1,0
2,3,1525,1938,1,0
2,3,1529,1720,1,0
2,3,1531,1810,1,1
2,3,1581,785,1,0
2,3,161,827,1,0
2,3,1635,1663,1,0
2,3,1635,1842,1,0
2,3,1641,1658,1,0
2,3,1649,1068,1,0
2,3,1663,1955,1,0
2,3,1664,1829,1,0
2,3,1671,1956,1,0
2,3,1671,744,1,0
2,3,1676,149,1,0
2,3,1683,1581,1,0
2,3,1693,1693,1,0
2,3,1697,1764,1,0
2,3,1710,1602,1,0
2,3,1715,1769,-1,1
2,3,1715,1782,1,0
2,3,1731,1959,1,0
2,3,1736,983,1,0
2,3,1741,914,1,0
2,3,1746,1724,1,0
2,3,1759,92,1,0
2,3,1760,950,1,0
2,3,1762,1780,1,0
2,3,1764,1601,1,0
2,3,1766,1398,1,0
2,3,1768,1806,1,0
2,3,1772,1654,1,0
2,3,1781,159,1,0
2,3,1785,1097,0,0
2,3,1791,991,1,0
2,3,1795,1943,1,0
2,3,1798,2017,1,0
2,3,1798,237,1,0
2,3,1799,1586,1,0
2,3,1804,1613,1,0
2,3,1808,1652,-1,1
2,3,1810,1640,1,0
2,3,1820,1773,1,0
2,3,1821,1299,1,0
2,3,1823,1554,1,0
2,3,1825,1706,1,0
2,3,1828,1883,1,0
2,3,1832,1858,1,0
2,3,1840,929,1,0
2,3,1841,1887,1,0
2,3,1841,1889,1,0
2,3,1841,394,1,0
2,3,1846,1743,1,0
2,3,1846,1774,1,0
2,3,1859,1460,1,0
2,3,1866,1985,1,0
2,3,1875,1172,-1,1
2,3,1875,1623,1,0
2,3,1877,1705,1,0
2,3,1878,600,-1,1
2,3,1884,1373,1,0
2,3,1887,1166,1,0
2,3,1888,1775,1,0
2,3,1890,631,1,0
2,3,1892,1656,1,0
2,3,1897,1813,1,0
2,3,1897,995,1,0
2,3,1900,398,1,0
2,3,1908,1720,1,0
2,3,1911,1937,1,0
2,3,1912,155,-1,1
2,3,1918,2013,1,0
2,3,1923,952,1,0
2,3,1926,1406,1,0
2,3,1926,1663,1,0
2,3,1928,1084,1,0
2,3,1938,1347,1,0
2,3,1939,748,-1,1
2,3,1945,1668,1,0
2,3,1953,1466,1,0
2,3,1953,1469,1,0
2,3,1953,1856,1,0
2,3,1958,1375,1,0
2,3,1958,72,1,0
2,3,1959,1630,1,0
2,3,1961,1401,1,0
2,3,1962,1474,1,0
2,3,1969,738,1,0
2,3,1993,1119,1,0
2,3,2010,66,1,0
2,3,2010,70,1,0
2,3,2017,206,1,0
2,3,2029,1457,1,0
2,3,2031,1086,-1,1
2,3,2034,1644,-1,1
2,3,2046,1369,1,0
2,3,2048,893,1,0
2,3,2058,1895,1,0
2,3,2078,1462,1,0
2,3,214,730,1,0
2,3,226,1340,1,0
2,3,227,1338,-1,1
2,3,232,966,0,0
2,3,240,467,-1,1
2,3,266,651,1,0
2,3,280,668,1,0
2,3,348,588,1,0
2,3,370,1155,-1,1
2,3,390,863,1,0
2,3,395,1713,-1,1
2,3,411,1017,1,0
2,3,429,715,0,0
2,3,441,879,1,0
2,3,459,935,1,0
2,3,464,663,1,0
2,3,477,691,1,0
2,3,502,993,-1,1
2,3,559,36,1,0
2,3,582,749,1,0
2,3,597,753,1,0
2,3,598,616,1,0
2,3,641,1310,1,0
2,3,646,353,1,0
2,3,660,400,1,0
2,3,664,721,1,0
2,3,665,189,-1,1
2,3,672,469,1,0
2,3,689,260,1,0
2,3,715,109,1,0
2,3,73,1957,1,0
2,3,755,264,1,0
2,3,756,419,1,0
2,3,761,627,1,0
2,3,772,479,-1,1
2,3,773,485,-1,1
2,3,776,696,-1,1
2,3,786,412,1,0
2,3,818,327,1,0
2,3,864,1146,-1,1
2,3,869,351,1,0
2,3,872,622,-1,1
2,3,886,332,-1,1
2,3,889,358,-1,1
2,3,921,546,1,0
2,3,940,220,-1,1
2,3,941,621,1,0
2,3,948,945,1,0
2,3,950,334,-1,1
2,3,950,483,1,0
2,3,953,507,-1,1
2,3,972,338,1,0
2,3,981,863,1,0
2,3,984,601,1,0
2,3,99,1101,1,1
2,4,1018,1392,-1,1
2,4,1023,1802,1,0
2,4,1024,790,1,0
2,4,103,1757,1,0
2,4,104,1624,1,0
2,4,1052,769,1,0
2,4,1057,1106,1,0
2,4,1057,1142,-1,1
2,4,106,1563,1,0
2,4,106,1878,1,0
2,4,1060,1785,1,0
2,4,1089,1963,0,0
2,4,110,1509,1,0
2,4,110,1854,1,0
2,4,1120,1229,1,0
2,4,1121,548,1,0
2,4,1131,1374,1,0
2,4,1136,797,1,0
2,4,1140,1770,1,0
2,4,1141,1052,1,0
2,4,1155,500,1,0
2,4,1159,1323,0,0
2,4,1184,1053,1,0
2,4,1188,1839,1,0
2,4,1196,1142,1,0
2,4,1211,215,1,0
2,4,122,1666,1,0
2,4,1223,231,1,0
2,4,1224,621,-1,1
2,4,1231,575,1,0
2,4,1232,791,1,0
2,4,1235,1223,1,0
2,4,1250,1689,1,0
2,4,1251,1687,1,0
2,4,1252,1858,1,0
2,4,1261,1768,1,0
2,4,1270,816,1,0
2,4,1278,1969,1,0
2,4,1280,1779,1,0
2,4,1280,1926,1,0
2,4,1291,1420,1,0
2,4,1300,1892,1,0
2,4,1301,1148,1,0
2,4,1309,1910,1,0
2,4,1316,1392,-1,1
2,4,1317,1911,1,0
2,4,1330,1815,1,0
2,4,1344,1760,1,0
2,4,1344,1949,1,0
2,4,1350,783,-1,1
2,4,1357,2022,1,0
2,4,136,1858,1,0
2,4,1361,372,1,0
2,4,1388,1073,1,0
2,4,1406,217,1,0
2,4,1407,1200,1,0
2,4,141,597,1,0
2,4,1414,493,1,0
2,4,1420,64,1,0
2,4,143,1255,-1,1
2,4,1432,1116,1,0
2,4,1451,464,1,0
2,4,147,1623,1,0
2,4,1471,444,1,0
2,4,1474,1273,1,0
2,4,1479,1943,1,0
2,4,1487,1114,1,0
2,4,149,838,1,0
2,4,1492,488,-1,1
2,4,1502,1422,1,0
2,4,151,1894,1,0
2,4,1515,2018,1,0
2,4,1515,496,1,1
2,4,1525,463,1,0
2,4,1530,775,1,0
2,4,1531,1070,1,0
2,4,1531,776,1,0
2,4,1532,1886,1,0
2,4,1536,167,1,0
2,4,1538,670,1,0
2,4,1538,671,1,0
2,4,154,1752,1,0
2,4,1552,1101,1,0
2,4,1554,1102,1,0
2,4,1555,1421,1,0
2,4,1558,1775,1,0
2,4,1566,1480,-1,1
2,4,159,1591,1,0
2,4,160,1531,1,0
2,4,160,1996,1,0
2,4,161,361,-1,1
2,4,162,1546,-1,1
2,4,1638,808,1,0
2,4,1648,713,1,0
2,4,1652,871,1,0
2,4,1668,646,1,0
2,4,1678,935,1,0
2,4,169,1899,1,0
2,4,1694,623,-1,1
2,4,170,1763,-1,1
2,4,1700,601,1,0
2,4,1707,807,1,0
2,4,174,428,1,0
2,4,1740,1435,1,0
2,4,1742,773,1,0
2,4,1749,706,1,0
2,4,1763,738,1,0
2,4,177,262,1,0
2,4,177,733,-1,1
2,4,179,1751,1,0
2,4,179,911,1,0
2,4,1799,600,-1,1
2,4,1806,789,1,0
2,4,1810,1511,-1,1
2,4,1810,822,1,0
2,4,1827,666,-1,1
2,4,1830,1582,1,0
2,4,1839,1619,-1,1
2,4,184,1616,1,0
2,4,1854,1546,1,0
2,4,186,578,1,0
2,4,1865,847,1,0
2,4,1889,94,1,0
2,4,193,670,1,0
2,4,1946,638,1,0
2,4,1960,671,-1,1
2,4,1969,1907,1,0
2,4,198,1968,1,0
2,4,1981,1616,0,0
2,4,1983,472,1,0
2,4,1988,1566,1,0
2,4,2001,279,-1,1
2,4,2010,332,-1,1
2,4,2012,332,1,0
2,4,2014,330,-1,1
2,4,2014,333,-1,1
2,4,202,1330,1,0
2,4,2032,1679,1,0
2,4,204,202,1,0
2,4,2063,1922,1,0
2,4,207,891,1,0
2,4,210,1464,-1,1
2,4,210,1653,1,0
2,4,210,1701,1,0
2,4,210,1850,1,0
2,4,217,1584,1,0
2,4,217,891,1,0
2,4,220,1954,1,0
2,4,226,522,1,0
2,4,227,614,1,0
2,4,227,897,1,0
2,4,231,1093,1,0
2,4,235,1668,1,0
2,4,236,1669,1,0
2,4,236,941,1,0
2,4,237,1565,1,0
2,4,237,2015,1,0
2,4,237,484,1,0
2,4,243,923,1,0
2,4,244,615,1,0
2,4,245,1743,-1,1
2,4,247,1565,1,0
2,4,247,1827,1,0
2,4,255,1818,1,0
2,4,262,1659,1,0
2,4,263,1787,1,0
2,4,265,1537,1,0
2,4,278,1211,1,0
2,4,279,1969,1,0
2,4,281,1249,0,0
2,4,282,1582,-1,1
2,4,287,1640,1,0
2,4,293,606,0,0
2,4,295,489,-1,1
2,4,298,2010,1,0
2,4,301,324,1,0
2,4,304,490,1,0
2,4,308,1994,1,0
2,4,312,1916,1,0
2,4,316,1314,-1,1
2,4,316,595,-1,1
2,4,320,1693,1,0
2,4,326,1815,-1,1
2,4,333,1970,1,0
2,4,334,1919,1,0
2,4,334,1922,1,0
2,4,336,1873,1,0
2,4,336,1882,1,0
2,4,339,1768,-1,1
2,4,339,589,1,0
2,4,340,1188,1,0
2,4,344,1355,1,0
2,4,349,887,1,0
2,4,350,1975,1,0
2,4,351,1765,-1,1
2,4,351,1858,1,0
2,4,353,1504,1,0
2,4,378,2020,1,0
2,4,380,1165,-1,1
2,4,380,1841,1,0
2,4,381,1932,1,0
2,4,382,1891,0,0
2,4,382,1973,1,0
2,4,384,1828,1,1
2,4,387,1989,1,0
2,4,388,1601,1,0
2,4,389,1977,1,0
2,4,394,1948,-1,1
2,4,394,1951,1,0
2,4,394,1957,1,0
2,4,404,381,1,0
2,4,405,834,1,0
2,4,409,172,0,0
2,4,410,2000,1,0
2,4,414,1762,1,0
2,4,414,1781,1,1
2,4,415,1787,1,0
2,4,415,1789,1,0
2,4,417,235,1,0
2,4,418,1352,1,0
2,4,426,824,1,0
2,4,431,1674,1,0
2,4,432,2011,1,0
2,4,433,1970,1,0
2,4,437,1894,-1,1
2,4,438,873,1,0
2,4,446,1136,1,0
2,4,446,1975,1,1
2,4,454,2007,1,0
2,4,455,1738,1,0
2,4,455,1849,1,0
2,4,458,1723,1,0
2,4,463,2019,1,0
2,4,467,1833,-1,1
2,4,467,1836,1,0
2,4,471,352,1,1
2,4,475,1908,-1,1
2,4,478,1516,1,0
2,4,480,1747,-1,1
2,4,480,1749,1,0
2,4,481,98,1,0
2,4,489,197,1,0
2,4,491,1977,-1,1
2,4,492,1656,1,0
2,4,493,1793,-1,1
2,4,498,140,1,0
2,4,500,625,-1,1
2,4,506,1851,-1,1
2,4,507,1934,-1,1
2,4,507,1937,1,0
2,4,508,1851,-1,1
2,4,508,1941,-1,1
2,4,509,1711,1,0
2,4,509,1894,-1,1
2,4,51,1758,1,0
2,4,510,458,1,0
2,4,515,1636,1,0
2,4,52,1757,-1,1
2,4,526,257,1,0
2,4,552,1209,1,0
2,4,567,1940,1,0
2,4,570,1804,1,0
2,4,580,1709,1,0
2,4,583,1784,1,0
2,4,596,1896,1,0
2,4,599,1471,1,0
2,4,627,725,-1,1
2,4,631,1687,1,0
2,4,631,1688,-1,1
2,4,642,1851,1,0
2,4,642,1852,1,0
2,4,66,1589,1,0
2,4,673,1329,1,0
2,4,676,1320,1,0
2,4,688,1163,1,0
2,4,69,1610,1,0
2,4,69,925,1,0
2,4,690,1345,1,0
2,4,690,1347,-1,1
2,4,698,457,1,0
2,4,71,1343,1,0
2,4,710,1294,1,0
2,4,710,1624,1,1
2,4,712,1863,1,0
2,4,714,1064,1,0
2,4,72,1319,1,0
2,4,728,1916,1,0
2,4,731,1217,1,0
2,4,732,267,1,0
2,4,74,1844,1,0
2,4,743,1380,1,0
2,4,751,1776,1,0
2,4,754,560,1,0
2,4,77,1686,1,1
2,4,78,1826,1,0
2,4,784,1532,1,0
2,4,789,1441,1,0
2,4,790,1514,1,0
2,4,790,1899,1,0
2,4,792,1209,1,0
2,4,796,1239,1,0
2,4,796,1241,1,0
2,4,809,130,-1,1
2,4,810,2025,1,0
2,4,827,1944,1,0
2,4,830,1715,1,0
2,4,833,1696,1,0
2,4,841,1601,1,0
2,4,844,1714,1,0
2,4,849,1606,1,0
2,4,854,1275,1,0
2,4,859,1616,1,0
2,4,859,834,1,0
2,4,860,2017,0,0
2,4,891,1105,1,0
2,4,892,1262,1,0
2,4,892,788,1,0
2,4,897,790,1,0
2,4,908,1376,-1,1
2,4,909,1955,1,0
2,4,914,1247,1,0
2,4,924,233,1,0
2,4,930,1152,1,0
2,4,930,1813,1,0
2,4,930,896,-1,1
2,4,933,1860,1,0
2,4,960,1223,1,0
2,4,975,1756,1,0
2,4,979,843,1,0
2,4,987,1276,1,0
2,4,991,1086,1,0
3,2,1112,999,1,0
3,2,1164,951,1,0
3,2,1243,1235,1,0
3,2,1380,1266,0,0
3,2,1504,278,1,0
3,2,937,1059,1,0
3,2,956,1002,-1,1
3,2,957,560,1,0
3,3,1171,43,1,0
3,3,1192,989,1,0
3,3,138,673,-1,1
3,3,1793,1069,-1,1
3,3,1972,481,1,0
3,3,291,797,1,0
3,3,411,1274,1,0
3,3,562,841,1,0
3,3,632,655,1,0
3,3,706,931,1,0
3,3,721,546,1,0
3,3,817,547,1,0
3,3,976,945,1,0
3,3,984,693,1,1
3,4,1068,326,-1,1
3,4,1125,228,1,0
3,4,1505,320,1,0
3,4,1532,158,1,0
3,4,1619,74,1,0
3,4,1994,453,1,0
3,4,294,328,1,0
3,4,397,436,1,0
3,4,510,566,1,0
3,4,524,363,-1,1
3,4,687,182,1,0
4,1,108,1547,1,0
4,1,1082,349,-1,1
4,1,1086,1077,-1,1
4,1,1115,1121,1,0
4,1,1142,1739,1,1
4,1,1155,1760,-1,1
4,1,1210,1279,-1,1
4,1,1229,1280,-1,1
4,1,123,1237,1,0
4,1,1237,1350,1,0
4,1,1239,934,1,0
4,1,1283,794,1,0
4,1,1299,1530,-1,1
4,1,1323,1615,1,0
4,1,1342,1326,1,0
4,1,138,461,-1,1
4,1,1380,1070,1,0
4,1,1411,1432,-1,1
4,1,1447,1299,1,0
4,1,1527,1164,1,0
4,1,1548,495,1,0
4,1,1551,1135,-1,1
4,1,1572,93,1,0
4,1,158,1279,1,0
4,1,1618,138,1,0
4,1,1634,384,1,0
4,1,1668,553,-1,1
4,1,1690,1075,1,0
4,1,1722,406,-1,1
4,1,1726,1710,-1,1
4,1,1746,508,1,0
4,1,1766,1436,1,0
4,1,1840,1242,-1,1
4,1,1848,1385,1,0
4,1,1857,380,1,0
4,1,1862,1373,-1,1
4,1,1870,1508,1,0
4,1,1883,82,-1,1
4,1,196,1395,1,0
4,1,1986,1392,1,0
4,1,2081,980,1,0
4,1,220,1427,1,0
4,1,238,1024,-1,1
4,1,398,1657,1,0
4,1,416,2046,1,0
4,1,439,981,-1,1
4,1,543,914,1,0
4,1,57,1935,0,0
4,1,639,1720,1,0
4,1,692,1808,1,0
4,1,721,675,-1,1
4,1,758,1013,-1,1
4,1,831,1187,-1,1
4,1,93,1384,1,0
4,1,957,820,-1,1
4,2,1001,2012,1,1
4,2,102,1852,1,0
4,2,1023,1928,0,0
4,2,1035,1199,1,0
4,2,1038,1785,1,0
4,2,1042,971,1,0
4,2,1059,1789,1,0
4,2,1061,1787,1,0
4,2,1076,421,1,0
4,2,1096,952,-1,1
4,2,1105,70,-1,1
4,2,1114,1758,1,0
4,2,112,1668,-1,1
4,2,1124,741,-1,1
4,2,1147,1777,1,0
4,2,1147,820,-1,1
4,2,1161,1062,1,0
4,2,1164,1092,1,0
4,2,1172,269,1,1
4,2,1201,1423,-1,1
4,2,1277,1148,1,0
4,2,1278,1364,-1,1
4,2,1298,1529,1,0
4,2,1302,1843,-1,1
4,2,1337,965,1,0
4,2,1383,488,1,0
4,2,1422,1844,1,0
4,2,1432,886,1,1
4,2,1466,1094,1,0
4,2,1497,695,1,0
4,2,1498,259,1,0
4,2,1525,394,1,0
4,2,1539,360,1,0
4,2,1541,381,1,0
4,2,1550,331,-1,1
4,2,1652,1462,-1,1
4,2,1690,329,1,0
4,2,1703,1074,1,0
4,2,1726,1617,1,0
4,2,1732,59,1,0
4,2,1749,1120,1,0
4,2,1756,1057,-1,1
4,2,1796,1045,1,0
4,2,1802,1074,-1,1
4,2,1803,1123,-1,1
4,2,1810,1101,-1,1
4,2,1813,585,1,0
4,2,1821,1084,-1,1
4,2,1838,1180,-1,1
4,2,1892,1302,1,0
4,2,1939,1147,-1,1
4,2,1953,1069,1,1
4,2,1968,855,1,0
4,2,2001,1086,-1,1
4,2,2034,1447,1,0
4,2,2076,1545,1,0
4,2,208,1852,1,0
4,2,214,978,1,0
4,2,225,1518,1,0
4,2,227,385,0,0
4,2,239,387,1,1
4,2,258,170,1,0
4,2,271,1752,-1,1
4,2,297,344,-1,1
4,2,319,461,1,0
4,2,324,640,1,0
4,2,339,517,-1,1
4,2,354,442,-1,1
4,2,357,452,-1,1
4,2,359,368,-1,1
4,2,367,518,-1,1
4,2,381,375,1,1
4,2,383,941,-1,1
4,2,395,433,1,1
4,2,400,408,-1,1
4,2,414,414,1,1
4,2,417,1496,1,0
4,2,424,337,1,0
4,2,438,445,1,0
4,2,460,652,1,0
4,2,471,445,-1,1
4,2,480,240,1,0
4,2,502,476,-1,1
4,2,502,505,-1,1
4,2,511,268,1,0
4,2,511,487,-1,1
4,2,516,508,-1,1
4,2,552,215,0,0
4,2,591,1921,1,0
4,2,617,1447,1,0
4,2,630,190,-1,1
4,2,653,651,-1,1
4,2,680,790,-1,1
4,2,701,1070,1,0
4,2,728,1921,1,0
4,2,734,1936,-1,1
4,2,766,1242,-1,1
4,2,769,605,1,0
4,2,797,1384,1,0
4,2,821,888,-1,1
4,2,832,1904,1,0
4,2,854,1474,-1,1
4,2,864,1135,1,0
4,2,866,1214,1,0
4,2,880,165,1,0
4,2,907,959,1,0
4,2,950,820,-1,1
4,2,951,48,0,0
4,2,953,1868,1,0
4,2,978,1149,0,0
4,2,986,2024,-1,1
4,2,99,1609,1,0
4,3,1023,1783,1,0
4,3,1080,1625,1,0
4,3,1132,1260,1,0
4,3,1136,1371,1,0
4,3,1137,1930,1,0
4,3,1139,1114,1,0
4,3,1142,1922,1,0
4,3,1192,1942,1,0
4,3,1232,809,1,0
4,3,1244,1830,1,0
4,3,1256,1637,-1,1
4,3,1288,1287,1,0
4,3,1341,1663,0,0
4,3,1351,1989,1,0
4,3,1371,1500,1,0
4,3,1398,1632,-1,1
4,3,1411,1309,1,0
4,3,142,1465,1,0
4,3,146,724,-1,1
4,3,1484,1991,1,0
4,3,1602,83,1,0
4,3,1603,136,-1,1
4,3,1608,471,1,0
4,3,1608,477,1,0
4,3,1610,106,1,0
4,3,1621,136,1,0
4,3,1643,365,1,0
4,3,1649,401,1,0
4,3,1662,497,-1,1
4,3,1669,381,1,0
4,3,1688,573,1,0
4,3,1690,486,1,0
4,3,1691,393,1,0
4,3,1691,398,1,0
4,3,1698,357,1,0
4,3,1698,363,1,0
4,3,1699,334,-1,1
4,3,1717,367,1,0
4,3,1717,651,1,0
4,3,1719,491,1,0
4,3,1719,496,-1,1
4,3,1723,355,1,0
4,3,1723,360,1,0
4,3,1723,454,1,0
4,3,1736,465,-1,1
4,3,1740,380,1,0
4,3,1745,158,1,0
4,3,1773,506,-1,1
4,3,1784,130,-1,1
4,3,1788,513,1,0
4,3,1791,681,1,0
4,3,1799,553,1,0
4,3,1813,960,1,0
4,3,1816,132,-1,1
4,3,1816,137,-1,1
4,3,1816,315,1,0
4,3,1820,503,1,0
4,3,1828,592,1,0
4,3,1829,495,-1,1
4,3,1836,477,1,0
4,3,1837,491,1,0
4,3,1847,472,1,0
4,3,1847,477,1,0
4,3,1847,500,1,0
4,3,1847,505,-1,1
4,3,1852,712,1,0
4,3,1860,466,1,0
4,3,1860,471,-1,1
4,3,1863,325,1,0
4,3,1875,344,1,0
4,3,1885,467,1,0
4,3,1885,472,-1,1
4,3,1907,539,1,0
4,3,1907,544,1,0
4,3,191,1889,1,0
4,3,1913,497,1,0
4,3,1924,599,1,0
4,3,1933,479,1,0
4,3,1936,143,-1,1
4,3,1936,147,1,0
4,3,1936,480,1,0
4,3,1936,485,-1,1
4,3,1938,112,-1,1
4,3,1955,469,-1,1
4,3,1974,486,1,0
4,3,1980,121,1,0
4,3,1982,576,1,0
4,3,1996,43,1,0
4,3,1996,48,-1,1
4,3,2002,428,1,0
4,3,2005,445,1,0
4,3,2005,450,1,0
4,3,2012,132,1,0
4,3,2021,484,1,0
4,3,2023,502,1,0
4,3,2037,484,-1,1
4,3,2038,496,1,0
4,3,2039,356,1,0
4,3,2063,346,-1,1
4,3,2063,352,1,0
4,3,2068,769,1,0
4,3,2075,356,1,0
4,3,2077,116,1,0
4,3,230,1538,1,0
4,3,250,1885,1,0
4,3,291,1228,1,0
4,3,350,1870,-1,1
4,3,350,1892,-1,1
4,3,377,1757,1,0
4,3,405,574,1,0
4,3,460,721,1,0
4,3,51,1310,-1,1
4,3,551,465,1,0
4,3,558,1384,0,0
4,3,565,479,1,0
4,3,57,1149,1,0
4,3,590,1786,1,0
4,3,689,970,1,1
4,3,695,1000,1,0
4,3,699,1939,-1,1
4,3,76,1068,1,0
4,3,766,1812,1,0
4,3,796,1883,1,0
4,3,799,1418,0,0
4,3,815,1737,1,0
4,3,84,1959,1,0
4,3,857,716,-1,1
4,3,858,713,-1,1
4,3,863,2012,-1,1
4,3,87,1859,1,0
4,3,875,1367,-1,1
4,3,875,1378,-1,1
4,3,875,1381,-1,1
4,3,89,1891,-1,1
4,3,911,1943,1,0
4,3,929,1573,1,0
4,3,933,657,-1,1
4,3,954,1618,1,0
4,3,954,1797,1,0
4,3,968,632,-1,1
4,3,977,1479,1,0
4,3,977,1511,1,0
4,3,977,1525,1,0
4,3,977,2008,-1,1
4,3,978,1453,1,0
4,3,978,1456,1,0
4,3,978,1833,1,0
4,3,978,1903,1,0
4,4,1352,768,1,0
4,4,1640,649,1,0
4,4,1640,654,1,1
4,4,1642,641,-1,1
4,4,1645,712,1,0
4,4,1649,688,1,0
4,4,1649,692,1,0
4,4,1654,625,1,0
4,4,1659,728,1,0
4,4,1664,560,1,0
4,4,1664,564,1,0
4,4,1667,795,1,0
4,4,1670,933,1,0
4,4,1671,592,1,0
4,4,1678,599,1,0
4,4,1689,900,1,0
4,4,1689,904,1,0
4,4,1691,739,1,0
4,4,1691,744,-1,1
4,4,1692,754,-1,1
4,4,1695,532,1,0
4,4,1695,536,1,0
4,4,1698,779,1,0
4,4,1715,555,1,1
4,4,1721,560,1,1
4,4,1728,826,1,0
4,4,1747,752,1,0
4,4,1747,805,1,0
4,4,1754,759,1,0
4,4,1756,796,1,0
4,4,1760,803,1,0
4,4,1760,807,1,0
4,4,1766,864,1,0
4,4,1771,653,1,0
4,4,1776,563,1,0
4,4,1785,600,1,1
4,4,1790,751,1,0
4,4,1793,615,1,0
4,4,1795,1320,-1,1
4,4,1796,1514,1,0
4,4,1801,618,1,0
4,4,1803,758,1,0
4,4,1813,1655,1,1
4,4,1815,649,1,0
4,4,1816,622,1,0
4,4,1822,701,1,0
4,4,1822,705,1,0
4,4,1826,725,1,0
4,4,1826,730,1,0
4,4,1827,749,1,0
4,4,1830,669,1,0
4,4,1834,746,1,0
4,4,1834,750,1,0
4,4,1834,885,1,0
4,4,1871,840,1,0
4,4,1886,747,1,0
4,4,1887,610,-1,1
4,4,1887,835,1,0
4,4,1888,831,1,0
4,4,1894,536,1,1
4,4,1975,1026,1,0
4,4,1981,1228,1,0
