1,1,1004,1943,2,0
1,1,101,1573,2,0
1,1,1026,969,2,0
1,1,1031,1924,-1,1
1,1,1034,1537,-1,1
1,1,1042,1961,2,0
1,1,105,1362,2,0
1,1,1054,362,2,0
1,1,1069,458,-1,1
1,1,107,1070,2,0
1,1,1073,1517,2,0
1,1,1078,755,2,0
1,1,1080,893,2,0
1,1,1081,1152,2,0
1,1,1089,1820,-1,1
1,1,1094,1656,2,0
1,1,1095,580,2,0
1,1,1095,584,2,0
1,1,1096,1670,2,0
1,1,1100,1975,2,0
1,1,1100,614,2,0
1,1,1101,88,-1,1
1,1,1106,1882,2,0
1,1,1111,1166,2,0
1,1,1113,1386,-1,1
1,1,113,937,2,0
1,1,1131,1858,2,0
1,1,1132,793,2,0
1,1,1134,1048,2,0
1,1,1134,1269,-1,1
1,1,1136,1376,2,0
1,1,1143,1549,-1,1
1,1,1154,1961,2,0
1,1,116,1189,-1,1
1,1,1162,1737,2,0
1,1,1162,1951,2,0
1,1,1167,482,2,0
1,1,1177,1125,2,0
1,1,1179,1930,2,0
1,1,1179,1932,2,0
1,1,118,1401,2,0
1,1,1183,1704,2,0
1,1,1183,1741,2,0
1,1,1185,1784,2,0
1,1,1188,1695,2,0
1,1,1188,820,2,0
1,1,1196,1882,2,0
1,1,1205,1662,-1,1
1,1,1208,1412,2,0
1,1,1216,1606,-1,1
1,1,1216,186,-1,1
1,1,1221,1755,2,0
1,1,1225,1092,2,0
1,1,1243,1977,2,0
1,1,1248,1953,2,0
1,1,1249,1527,2,0
1,1,125,987,2,0
1,1,1251,1861,2,0
1,1,1253,1882,-1,1
1,1,1266,1787,2,0
1,1,1267,1790,2,0
1,1,1268,325,2,0
1,1,1269,1160,2,0
1,1,1269,1697,2,0
1,1,127,1135,2,0
1,1,1272,1481,2,0
1,1,1274,219,2,0
1,1,1275,223,2,0
1,1,1284,1087,2,0
1,1,1284,1516,2,0
1,1,1284,1791,2,0
1,1,1284,634,2,0
1,1,1285,1481,2,0
1,1,1287,1769,2,0
1,1,1290,1107,2,0
1,1,1295,1490,2,0
1,1,1306,33,2,0
1,1,1307,1938,2,0
1,1,1308,1871,2,0
1,1,1314,1109,2,0
1,1,1319,1566,2,0
1,1,1324,371,2,0
1,1,1325,1792,-1,1
1,1,1328,1781,2,0
1,1,1329,1708,2,1
1,1,133,607,2,0
1,1,1330,1018,-1,1
1,1,1331,1765,2,0
1,1,1337,1671,2,0
1,1,1337,985,2,0
1,1,1338,1440,2,0
1,1,134,1014,-1,1
1,1,1345,1919,2,0
1,1,1345,1962,2,0
1,1,135,983,2,0
1,1,1351,1479,2,0
1,1,1351,59,-1,1
1,1,1357,1854,2,0
1,1,1363,2001,2,0
1,1,1364,2002,2,0
1,1,1365,856,-1,1
1,1,137,1695,2,0
1,1,1371,1694,2,0
1,1,1372,1060,2,0
1,1,1374,1804,2,0
1,1,1375,636,2,0
1,1,1383,383,2,0
1,1,1387,1981,2,0
1,1,1388,1630,2,0
1,1,1388,1736,2,0
1,1,1390,1564,2,0
1,1,1397,1014,-1,1
1,1,1397,656,2,1
1,1,1400,680,2,0
1,1,1408,1778,-1,1
1,1,1408,1920,2,1
1,1,1413,1687,2,0
1,1,1420,1749,2,0
1,1,1423,1879,2,0
1,1,1423,266,-1,1
1,1,1430,1725,2,0
1,1,1431,1722,2,0
1,1,144,1683,2,0
1,1,1443,1830,2,0
1,1,1444,1666,2,0
1,1,1446,1253,2,0
1,1,1454,1712,2,0
1,1,1455,1107,2,0
1,1,1463,775,2,0
1,1,1464,1952,-1,1
1,1,1466,1983,2,0
1,1,1468,1695,2,0
1,1,1468,1745,-1,1
1,1,147,891,2,0
1,1,148,1753,-1,1
1,1,148,1879,2,0
1,1,1482,1624,2,0
1,1,1482,1908,2,0
1,1,1484,266,2,0
1,1,1486,1806,2,0
1,1,1487,1965,2,0
1,1,1489,1430,2,0
1,1,1491,1657,2,0
1,1,1491,2005,2,0
1,1,1493,1756,2,1
1,1,1494,1342,2,0
1,1,1498,1066,2,0
1,1,150,1130,2,1
1,1,150,1132,2,0
1,1,1501,617,2,0
1,1,1505,2014,-1,1
1,1,1506,1416,2,0
1,1,151,1120,2,0
1,1,151,243,2,0
1,1,1510,2003,2,0
1,1,1513,104,2,0
1,1,1519,1934,2,0
1,1,1520,1332,-1,1
1,1,1529,1616,2,0
1,1,1538,1763,2,0
1,1,1538,860,2,0
1,1,1543,1740,2,0
1,1,1543,1788,2,0
1,1,1544,112,2,0
1,1,1552,1900,2,1
1,1,1553,1659,2,0
1,1,1558,1685,2,0
1,1,156,1531,2,0
1,1,1575,1573,2,0
1,1,1576,1480,-1,1
1,1,1588,1341,2,0
1,1,1591,123,-1,1
1,1,1594,1393,2,0
1,1,1597,1740,2,0
1,1,1599,2021,2,0
1,1,1608,1456,2,0
1,1,1608,1722,2,0
1,1,161,1234,2,0
1,1,1610,1765,2,0
1,1,1611,1786,2,0
1,1,1611,1788,2,0
1,1,1619,404,2,0
1,1,1621,1389,2,0
1,1,1624,1839,-1,1
1,1,1628,1651,2,0
1,1,163,633,2,0
1,1,1633,861,2,0
1,1,1638,1982,2,0
1,1,1639,1866,2,0
1,1,1639,1868,2,0
1,1,1645,1803,2,0
1,1,165,1186,2,0
1,1,1650,1358,2,0
1,1,1651,1693,2,0
1,1,1654,1070,2,0
1,1,1655,1830,2,0
1,1,1655,2021,2,0
1,1,1656,560,2,0
1,1,1658,1556,2,0
1,1,1658,653,2,0
1,1,166,1237,2,0
1,1,166,1239,2,0
1,1,166,1241,2,0
1,1,166,826,2,0
1,1,1660,1170,2,0
1,1,1665,1872,2,0
1,1,1666,1629,2,0
1,1,1674,1805,2,0
1,1,1674,1808,2,0
1,1,1679,1749,2,0
1,1,1685,2000,2,0
1,1,1686,1738,2,0
1,1,1701,1563,2,0
1,1,171,1626,2,0
1,1,1712,1996,2,0
1,1,1713,77,2,0
1,1,1714,1728,2,0
1,1,1715,1783,-1,1
1,1,1715,1784,-1,1
1,1,1716,1587,2,0
1,1,1718,1342,2,0
1,1,1718,243,2,0
1,1,1719,1810,2,0
1,1,172,649,-1,1
1,1,172,921,2,0
1,1,1722,1963,2,0
1,1,1723,1906,2,0
1,1,1726,1732,2,0
1,1,1726,1964,2,0
1,1,1726,1992,2,0
1,1,1727,616,2,0
1,1,1729,1925,2,1
1,1,1729,2005,2,0
1,1,173,1781,2,0
1,1,1731,1630,2,0
1,1,1737,1510,2,0
1,1,1738,1788,2,0
1,1,1738,1971,2,0
1,1,174,1347,2,0
1,1,174,1450,2,0
1,1,1740,1803,2,0
1,1,1742,1995,2,0
1,1,1744,1390,2,0
1,1,1746,1736,-1,1
1,1,1746,1780,-1,1
1,1,1747,1818,-1,1
1,1,1748,1701,2,0
1,1,1748,1790,2,0
1,1,1750,1562,2,0
1,1,1750,1564,2,0
1,1,1750,1620,2,0
1,1,1755,2000,2,0
1,1,1755,2002,2,0
1,1,1755,2010,2,0
1,1,1757,802,-1,1
1,1,176,1192,2,0
1,1,1762,1788,2,0
1,1,1764,1886,2,0
1,1,1765,1989,2,0
1,1,1767,1803,2,0
1,1,1768,1661,-1,1
1,1,1768,1662,-1,1
1,1,1770,1168,-1,1
1,1,1770,1714,2,0
1,1,1770,1767,2,0
1,1,1771,953,2,0
1,1,1774,1827,2,0
1,1,1776,1535,-1,1
1,1,1776,1744,2,0
1,1,1777,1754,2,0
1,1,1779,1957,2,0
1,1,1780,1484,2,0
1,1,1782,1632,2,0
1,1,1784,1851,2,0
1,1,1787,1506,2,0
1,1,1788,1807,2,0
1,1,1788,1895,2,0
1,1,179,1438,2,0
1,1,1790,1980,2,0
1,1,1791,1931,2,0
1,1,1792,1858,2,0
1,1,1797,1672,2,0
1,1,1799,1884,2,0
1,1,1799,1886,2,0
1,1,1800,1710,2,0
1,1,1800,1866,2,1
1,1,1800,1869,2,0
1,1,1804,1128,2,0
1,1,1805,1816,2,0
1,1,1805,1818,2,0
1,1,181,674,2,0
1,1,1813,1535,2,0
1,1,1815,619,2,0
1,1,1816,1395,2,0
1,1,1818,1847,2,0
1,1,182,1568,-1,1
1,1,1820,1756,2,0
1,1,1820,1977,2,0
1,1,1833,1800,2,0
1,1,1835,1893,2,0
1,1,1837,2000,2,0
1,1,1839,1849,2,0
1,1,1839,1909,2,0
1,1,1843,52,2,0
1,1,1844,2023,2,0
1,1,1846,1597,2,0
1,1,1846,1738,2,0
1,1,1847,1699,2,0
1,1,1848,370,2,0
1,1,1849,636,2,0
1,1,1852,1356,2,0
1,1,1852,1790,2,1
1,1,1855,1803,2,0
1,1,1855,1805,2,0
1,1,1855,1814,2,0
1,1,1856,1883,2,0
1,1,1858,1242,2,0
1,1,186,983,2,0
1,1,1861,82,2,0
1,1,1863,1689,2,0
1,1,1863,1895,-1,1
1,1,1864,1896,2,0
1,1,1866,1819,2,0
1,1,1866,1884,2,0
1,1,1866,1896,2,0
1,1,1866,1899,2,0
1,1,1867,1655,2,0
1,1,1869,1713,-1,1
1,1,1870,1910,2,0
1,1,1877,1831,2,0
1,1,1879,1461,-1,1
1,1,1882,1824,2,0
1,1,1888,1305,2,0
1,1,1892,1604,2,0
1,1,1895,1464,-1,1
1,1,1897,1718,2,0
1,1,1897,1720,2,0
1,1,1898,635,2,0
1,1,1901,1288,2,0
1,1,1903,1736,2,0
1,1,1907,1993,2,0
1,1,1908,1632,2,0
1,1,1908,1650,2,0
1,1,1910,1804,2,0
1,1,1910,1807,2,0
1,1,1911,1786,2,0
1,1,1911,1905,2,0
1,1,1917,1627,2,0
1,1,1923,1770,2,0
1,1,1923,1926,2,0
1,1,1926,1865,2,0
1,1,1927,429,-1,1
1,1,1933,1371,2,0
1,1,1939,1858,2,0
1,1,1943,1830,-1,1
1,1,1944,1412,2,0
1,1,1945,687,-1,1
1,1,1951,1610,2,0
1,1,1953,959,2,0
1,1,1954,1201,2,0
1,1,196,1425,2,0
1,1,1963,1621,2,0
1,1,1965,1807,2,0
1,1,1966,1855,2,0
1,1,1967,1926,2,0
1,1,1968,1451,2,0
1,1,1968,1888,-1,1
1,1,1968,1947,2,0
1,1,197,1106,2,0
1,1,1974,1391,2,0
1,1,1979,1363,2,0
1,1,198,1324,-1,1
1,1,1983,1115,2,0
1,1,1983,1963,2,0
1,1,1987,1915,2,0
1,1,1987,1918,2,0
1,1,1988,1787,2,0
1,1,199,1089,2,0
1,1,199,993,2,0
1,1,2005,1676,2,0
1,1,2007,1844,2,0
1,1,2008,1931,2,0
1,1,2012,1751,2,0
1,1,202,1517,-1,1
1,1,202,1772,2,0
1,1,2029,796,2,0
1,1,2032,1887,2,0
1,1,2033,1887,2,0
1,1,2036,1874,2,0
1,1,2036,1877,2,0
1,1,2049,975,-1,1
1,1,2053,145,2,0
1,1,2059,1121,2,0
1,1,206,445,2,0
1,1,2065,471,2,0
1,1,2066,1380,2,0
1,1,207,1082,2,0
1,1,207,1440,2,0
1,1,207,443,2,0
1,1,2070,1904,2,0
1,1,208,917,2,0
1,1,210,917,2,0
1,1,212,1006,2,0
1,1,213,446,2,0
1,1,213,450,-1,1
1,1,217,433,2,0
1,1,224,1685,2,0
1,1,228,1003,2,0
1,1,228,1774,2,0
1,1,231,691,2,1
1,1,231,693,2,0
1,1,231,697,2,0
1,1,231,935,2,1
1,1,247,1990,-1,1
1,1,251,1681,2,0
1,1,254,88,2,0
1,1,256,762,2,0
1,1,260,1771,2,0
1,1,260,975,2,0
1,1,261,470,-1,1
1,1,268,751,2,0
1,1,278,484,2,0
1,1,281,1275,2,0
1,1,281,1277,-1,1
1,1,282,1959,2,0
1,1,283,1104,2,0
1,1,283,1957,2,0
1,1,285,1364,-1,1
1,1,285,476,2,0
1,1,289,1202,2,0
1,1,290,901,2,0
1,1,290,903,2,0
1,1,295,844,2,0
1,1,296,846,2,0
1,1,298,607,-1,1
1,1,307,949,2,0
1,1,311,701,-1,1
1,1,312,203,2,0
1,1,317,95,2,0
1,1,319,1861,-1,1
1,1,320,1942,2,0
1,1,320,731,-1,1
1,1,323,1584,-1,1
1,1,324,462,2,0
1,1,324,593,2,0
1,1,330,94,-1,1
1,1,338,615,2,0
1,1,339,1120,2,0
1,1,366,620,2,0
1,1,367,743,2,0
1,1,374,72,2,0
1,1,377,968,2,0
1,1,387,954,-1,1
1,1,396,1697,2,0
1,1,402,1712,2,0
1,1,416,1896,2,0
1,1,419,1846,2,0
1,1,423,1685,-1,1
1,1,426,1093,2,0
1,1,435,694,2,1
1,1,436,555,2,0
1,1,447,1893,2,0
1,1,447,1922,2,0
1,1,447,658,2,0
1,1,450,1987,2,0
1,1,450,1990,2,0
1,1,451,1595,-1,1
1,1,451,407,2,0
1,1,455,307,2,0
1,1,459,595,-1,1
1,1,460,606,2,0
1,1,466,654,2,0
1,1,469,702,2,0
1,1,477,740,2,0
1,1,482,857,2,0
1,1,485,315,2,0
1,1,486,2012,2,0
1,1,489,325,-1,1
1,1,489,988,2,0
1,1,493,2019,2,0
1,1,498,831,2,0
1,1,501,330,2,0
1,1,501,665,2,0
1,1,509,1801,2,0
1,1,509,1955,-1,1
1,1,510,1928,-1,1
1,1,514,830,2,0
1,1,518,1897,2,0
1,1,544,446,2,0
1,1,545,1343,-1,1
1,1,553,1202,-1,1
1,1,553,473,-1,1
1,1,566,279,2,1
1,1,572,1204,-1,1
1,1,577,1619,2,0
1,1,577,460,2,0
1,1,587,1468,2,0
1,1,587,1682,-1,1
1,1,587,680,2,0
1,1,588,1019,-1,1
1,1,588,1798,2,0
1,1,589,1797,2,0
1,1,589,902,2,0
1,1,590,1579,2,0
1,1,593,1152,2,0
1,1,594,324,-1,1
1,1,595,228,2,0
1,1,596,771,2,0
1,1,618,1749,-1,1
1,1,621,1286,-1,1
1,1,621,1292,-1,1
1,1,626,1112,-1,1
1,1,634,433,2,0
1,1,634,458,2,0
1,1,634,933,2,0
1,1,644,124,2,0
1,1,644,129,2,0
1,1,645,126,2,0
1,1,650,1733,2,0
1,1,661,676,2,0
1,1,665,1987,2,0
1,1,668,462,-1,1
1,1,669,1604,2,0
1,1,670,1633,2,0
1,1,683,77,2,0
1,1,687,1808,2,0
1,1,687,606,2,0
1,1,691,970,2,0
1,1,692,1899,2,0
1,1,692,1900,2,0
1,1,700,447,2,0
1,1,727,1829,2,0
1,1,730,1842,2,0
1,1,734,457,2,0
1,1,735,1707,2,0
1,1,741,1955,-1,1
1,1,743,1627,2,0
1,1,743,1628,2,0
1,1,752,297,2,0
1,1,756,1612,-1,1
1,1,765,1637,2,0
1,1,784,1166,2,0
1,1,785,652,-1,1
1,1,790,1721,2,0
1,1,790,51,2,0
1,1,792,579,2,0
1,1,793,1957,2,0
1,1,797,480,2,0
1,1,803,1183,2,0
1,1,805,1561,2,0
1,1,805,1563,2,0
1,1,805,1993,2,0
1,1,805,674,2,0
1,1,813,491,2,0
1,1,815,485,-1,1
1,1,830,1291,-1,1
1,1,833,1826,2,0
1,1,839,604,-1,1
1,1,839,610,2,0
1,1,840,1325,-1,1
1,1,85,1794,2,0
1,1,850,1881,2,0
1,1,852,146,-1,1
1,1,852,554,-1,1
1,1,853,909,2,0
1,1,853,911,2,0
1,1,876,58,2,0
1,1,883,74,-1,1
1,1,884,1978,2,0
1,1,885,2002,2,0
1,1,892,1631,-1,1
1,1,892,1966,2,0
1,1,90,1891,2,0
1,1,903,576,2,0
1,1,919,857,2,1
1,1,929,1998,2,0
1,1,94,1311,2,0
1,1,94,1312,-1,1
1,1,942,1986,-1,1
1,1,944,649,2,0
1,1,956,1259,-1,1
1,1,964,1595,2,0
1,1,965,1962,2,0
1,1,970,715,2,0
1,1,976,991,-1,1
1,1,98,1005,2,0
1,1,983,727,-1,1
1,2,1005,1464,2,0
1,2,1012,389,-1,1
1,2,1012,630,2,0
1,2,1023,1885,2,0
1,2,1028,837,2,0
1,2,103,1617,2,1
1,2,103,1879,-1,1
1,2,103,1882,2,0
1,2,1044,1882,2,0
1,2,1049,1891,2,0
1,2,1051,776,2,0
1,2,1052,1255,2,0
1,2,1060,1639,2,0
1,2,1062,1335,2,0
1,2,1066,210,-1,1
1,2,1098,1718,2,0
1,2,110,390,2,0
1,2,1108,355,2,0
1,2,1108,607,-1,1
1,2,1122,1766,2,0
1,2,1125,1134,-1,1
1,2,1137,1681,2,0
1,2,1140,1919,2,0
1,2,1147,1083,2,0
1,2,1149,853,-1,1
1,2,1151,1885,2,0
1,2,1160,1890,2,0
1,2,1160,1893,2,0
1,2,1162,581,-1,1
1,2,1163,1863,2,0
1,2,1169,845,2,1
1,2,1203,1947,2,0
1,2,1206,1678,2,0
1,2,122,777,2,0
1,2,1221,231,2,0
1,2,1229,1727,2,0
1,2,123,747,2,0
1,2,124,1389,2,0
1,2,1240,1679,2,0
1,2,1247,1954,2,0
1,2,1263,1926,2,0
1,2,1266,1768,2,0
1,2,1273,202,2,0
1,2,1285,403,2,0
1,2,1286,646,2,0
1,2,1287,275,2,0
1,2,1292,1733,2,0
1,2,1294,1754,2,0
1,2,1294,44,2,0
1,2,1309,1781,2,0
1,2,1311,1224,-1,1
1,2,1312,1588,-1,1
1,2,1315,1946,2,0
1,2,1316,1967,-1,1
1,2,1316,1975,2,0
1,2,1317,1523,2,0
1,2,1319,550,2,0
1,2,1322,1084,2,0
1,2,1323,494,2,0
1,2,1330,379,2,0
1,2,1336,1083,2,0
1,2,1336,531,-1,1
1,2,134,1383,2,0
1,2,1340,1678,2,0
1,2,1341,1404,2,0
1,2,1346,1599,2,0
1,2,135,1843,2,0
1,2,135,712,-1,1
1,2,1350,1519,2,0
1,2,1350,1716,2,0
1,2,136,1510,2,0
1,2,1360,1070,-1,1
1,2,1361,423,2,0
1,2,1363,745,2,0
1,2,1367,1779,2,0
1,2,1369,1781,2,0
1,2,1369,566,2,0
1,2,1382,1901,2,0
1,2,139,1676,2,0
1,2,139,1892,2,0
1,2,1401,1879,2,0
1,2,1417,58,-1,1
1,2,1434,1050,2,0
1,2,1438,1940,2,0
1,2,1440,401,-1,1
1,2,1456,1983,2,1
1,2,1458,1979,-1,1
1,2,1460,1966,2,1
1,2,1474,223,-1,1
1,2,1479,1985,2,0
1,2,1482,1228,2,0
1,2,1483,191,2,0
1,2,1488,1667,-1,1
1,2,149,1610,2,0
1,2,149,1918,2,0
1,2,1505,1818,2,0
1,2,1510,1985,2,0
1,2,1517,143,2,0
1,2,1521,1228,2,0
1,2,1523,447,2,0
1,2,1527,651,2,0
1,2,1536,1649,2,0
1,2,1540,857,2,0
1,2,1550,1158,2,1
1,2,1558,1985,2,0
1,2,1559,165,2,0
1,2,156,1037,2,0
1,2,1565,1120,2,0
1,2,1575,1498,2,0
1,2,1577,697,2,0
1,2,158,1752,2,0
1,2,160,1651,2,0
1,2,1600,990,2,0
1,2,1602,832,-1,1
1,2,1603,776,2,0
1,2,1612,901,2,0
1,2,1614,608,2,0
1,2,1616,760,2,0
1,2,162,1000,2,0
1,2,1639,1997,-1,1
1,2,1655,96,2,0
1,2,1665,1180,2,0
1,2,1665,1438,2,0
1,2,1667,1219,2,0
1,2,1678,1324,2,0
1,2,1678,930,2,0
1,2,168,1520,2,0
1,2,168,796,-1,1
1,2,1690,583,2,0
1,2,1696,1576,2,0
1,2,1698,868,2,0
1,2,1699,566,2,0
1,2,170,2023,2,0
1,2,1702,840,2,0
1,2,1707,734,2,0
1,2,1710,1088,2,0
1,2,1711,1147,2,0
1,2,1712,741,2,1
1,2,172,1981,2,0
1,2,173,137,2,0
1,2,174,1877,2,0
1,2,174,1880,2,0
1,2,1767,1181,2,0
1,2,178,1680,2,0
1,2,178,471,2,0
1,2,178,707,-1,1
1,2,1780,1542,2,0
1,2,1785,769,2,0
1,2,1789,1047,2,0
1,2,1802,752,2,0
1,2,1807,595,2,0
1,2,1812,1621,2,0
1,2,1817,1570,2,0
1,2,1819,1842,2,0
1,2,182,1755,2,0
1,2,1822,1437,-1,1
1,2,1824,1594,2,0
1,2,1825,1618,2,0
1,2,1827,996,2,0
1,2,1830,544,2,0
1,2,1831,661,2,0
1,2,184,1601,2,0
1,2,1847,772,2,0
1,2,1848,275,2,0
1,2,1851,1232,2,0
1,2,1855,1612,2,0
1,2,1869,1116,2,0
1,2,1875,2006,2,0
1,2,1891,1359,-1,1
1,2,190,1390,2,0
1,2,191,1387,2,0
1,2,1910,1012,2,0
1,2,1910,1422,-1,1
1,2,1914,821,2,0
1,2,1917,977,2,0
1,2,192,1028,2,0
1,2,1923,881,2,0
1,2,1939,919,2,0
1,2,194,1828,2,0
1,2,1940,916,2,0
1,2,1942,44,-1,1
1,2,1945,859,2,0
1,2,1952,948,2,0
1,2,1952,950,-1,1
1,2,1955,1422,-1,1
1,2,1955,737,2,0
1,2,1956,723,2,0
1,2,196,1617,-1,1
1,2,196,1620,2,0
1,2,1966,1863,2,0
1,2,1980,1111,-1,1
1,2,1988,851,2,0
1,2,1989,1968,2,0
1,2,2009,1761,2,0
1,2,2023,814,2,0
1,2,2024,1009,2,0
1,2,2024,817,2,0
1,2,2035,596,2,0
1,2,2037,1516,2,0
1,2,2050,1875,-1,1
1,2,2051,676,2,0
1,2,2052,1756,2,1
1,2,2060,727,-1,1
1,2,209,1461,-1,1
1,2,219,1967,2,0
1,2,224,1602,2,0
1,2,230,1571,2,0
1,2,234,1533,2,0
1,2,243,1289,-1,1
1,2,244,1977,2,0
1,2,247,1962,2,0
1,2,250,1963,2,0
1,2,255,163,2,0
1,2,256,1453,2,0
1,2,263,1308,2,0
1,2,273,1778,2,0
1,2,279,1519,2,0
1,2,281,1876,-1,1
1,2,282,1494,2,0
1,2,282,1878,-1,1
1,2,295,1645,2,0
1,2,297,1634,2,0
1,2,300,844,2,0
1,2,303,1558,2,0
1,2,309,1973,2,0
1,2,313,1207,2,0
1,2,313,1622,2,0
1,2,313,432,2,0
1,2,315,1087,2,0
1,2,317,1984,2,0
1,2,319,1450,2,0
1,2,320,856,2,0
1,2,333,1529,2,0
1,2,333,975,2,0
1,2,336,1999,2,0
1,2,336,927,-1,1
1,2,344,1174,2,0
1,2,348,1078,2,0
1,2,361,912,-1,1
1,2,363,547,2,0
1,2,382,1974,2,0
1,2,385,736,2,0
1,2,399,1855,2,0
1,2,403,1500,2,0
1,2,404,1521,2,0
1,2,411,1498,2,0
1,2,419,1459,2,0
1,2,421,1607,2,0
1,2,422,472,2,0
1,2,423,1298,-1,1
1,2,425,146,-1,1
1,2,437,2008,-1,1
1,2,441,1874,2,0
1,2,444,1914,2,0
1,2,449,1230,2,0
1,2,450,253,-1,1
1,2,452,1082,2,0
1,2,452,1607,2,0
1,2,460,1526,2,0
1,2,461,1613,2,0
1,2,472,1897,2,0
1,2,477,1765,2,0
1,2,484,966,2,0
1,2,489,1925,-1,1
1,2,491,1928,2,0
1,2,499,1990,2,0
1,2,540,1157,-1,1
1,2,568,1936,2,0
1,2,569,1440,2,0
1,2,576,1189,2,0
1,2,583,1206,2,0
1,2,587,1299,2,0
1,2,588,1918,2,0
1,2,589,1743,2,1
1,2,590,1494,2,0
1,2,596,1337,2,0
1,2,598,1272,2,0
1,2,601,1483,2,0
1,2,602,64,2,0
1,2,608,1638,2,0
1,2,608,1727,2,0
1,2,613,1335,2,0
1,2,616,1134,2,0
1,2,616,1511,-1,1
1,2,617,1132,2,1
1,2,619,1380,2,0
1,2,622,1500,2,1
1,2,623,1417,2,0
1,2,631,1627,2,0
1,2,637,1978,2,0
1,2,639,1933,-1,1
1,2,645,1242,-1,1
1,2,645,1976,2,0
1,2,646,1701,2,0
1,2,650,1106,2,1
1,2,650,1713,2,0
1,2,651,1504,-1,1
1,2,653,1819,2,1
1,2,654,1957,2,0
1,2,655,1485,2,0
1,2,658,1099,2,0
1,2,658,343,2,0
1,2,659,1078,2,1
1,2,666,1040,2,0
1,2,672,1925,2,0
1,2,673,1118,2,0
1,2,673,1266,2,0
1,2,673,1970,2,0
1,2,674,1313,2,0
1,2,674,1577,2,0
1,2,674,401,-1,1
1,2,681,1292,2,0
1,2,681,1295,2,1
1,2,682,1271,2,0
1,2,684,1458,2,0
1,2,687,1429,2,0
1,2,691,1462,2,0
1,2,691,1465,2,0
1,2,694,1113,2,0
1,2,695,1987,2,1
1,2,698,1659,2,0
1,2,698,1662,2,0
1,2,699,1275,2,0
1,2,701,1052,2,0
1,2,703,1892,2,0
1,2,706,1861,2,0
1,2,708,1737,2,0
1,2,709,1955,2,0
1,2,711,1715,2,0
1,2,712,1712,2,0
1,2,714,1694,-1,1
1,2,716,1654,2,0
1,2,720,1269,2,0
1,2,721,1700,2,0
1,2,733,1413,2,0
1,2,735,1341,2,0
1,2,736,1436,2,0
1,2,737,1923,2,0
1,2,742,1470,-1,1
1,2,743,1653,-1,1
1,2,746,1794,-1,1
1,2,748,1379,2,0
1,2,754,1972,2,1
1,2,759,1105,2,0
1,2,759,1301,2,0
1,2,771,1353,2,0
1,2,773,1397,2,0
1,2,777,1448,2,0
1,2,779,1274,2,0
1,2,779,1405,2,0
1,2,781,1346,2,0
1,2,786,1430,2,0
1,2,793,1449,2,0
1,2,795,1610,2,0
1,2,796,1349,2,0
1,2,797,1419,2,0
1,2,798,1550,2,0
1,2,798,1551,2,0
1,2,800,1435,2,0
1,2,800,1978,2,0
1,2,814,796,2,0
1,2,815,1624,2,0
1,2,820,1616,2,0
1,2,821,1505,2,0
1,2,821,1829,2,0
1,2,821,1841,2,1
1,2,823,1237,2,0
1,2,824,1359,2,0
1,2,827,1459,2,0
1,2,829,1867,-1,1
1,2,831,1280,2,0
1,2,831,1341,2,0
1,2,835,1328,2,0
1,2,835,1330,2,0
1,2,846,174,2,0
1,2,847,848,2,0
1,2,850,1279,2,0
1,2,859,1706,-1,1
1,2,862,1912,2,0
1,2,863,1972,-1,1
1,2,874,1072,2,0
1,2,878,1200,2,0
1,2,878,1397,2,0
1,2,878,358,2,0
1,2,880,1902,2,0
1,2,889,1503,2,0
1,2,889,1819,2,0
1,2,891,618,2,0
1,2,896,1679,2,0
1,2,899,634,2,0
1,2,906,455,-1,1
1,2,909,1870,2,0
1,2,911,1942,2,0
1,2,912,1755,-1,1
1,2,918,1227,2,0
1,2,922,1311,2,0
1,2,925,1125,2,0
1,2,927,948,2,0
1,2,934,1729,2,0
1,2,934,861,2,1
1,2,935,1746,2,1
1,2,940,1067,2,0
1,2,943,1851,2,0
1,2,949,1596,2,0
1,2,950,1534,2,0
1,2,952,1040,2,0
1,2,958,1558,2,0
1,2,967,1669,2,0
1,2,967,1892,2,1
1,2,974,1046,2,0
1,2,974,1942,2,0
1,2,979,1050,2,0
1,2,982,1800,2,0
1,2,988,1080,2,0
1,2,988,1104,2,0
1,2,991,1213,2,0
1,2,996,1604,2,0
1,2,996,1606,2,1
1,2,996,277,-1,1
1,2,998,1088,2,0
1,2,999,1782,2,0
1,2,999,865,2,0
1,3,1000,1033,2,0
1,3,1000,1650,-1,1
1,3,1019,1920,2,0
1,3,102,1201,2,0
1,3,1039,1420,2,0
1,3,1041,1725,2,0
1,3,1047,1971,2,0
1,3,105,1260,2,0
1,3,1050,1466,2,0
1,3,1069,1897,2,0
1,3,107,1133,-1,1
1,3,1075,882,2,1
1,3,1078,868,2,0
1,3,1088,388,2,1
1,3,109,1240,2,1
1,3,1091,1826,2,0
1,3,1092,1200,-1,1
1,3,1092,1829,2,0
1,3,1094,1983,-1,1
1,3,1098,825,2,0
1,3,1098,827,2,0
1,3,110,1646,2,0
1,3,1105,1205,2,0
1,3,111,1372,2,0
1,3,1118,1849,2,0
1,3,1118,1918,2,0
1,3,1119,818,2,1
1,3,1128,784,2,0
1,3,113,1140,2,0
1,3,1135,2015,2,0
1,3,1138,1611,2,0
1,3,1139,1303,-1,1
1,3,1141,830,2,1
1,3,1142,857,2,0
1,3,1144,1982,2,0
1,3,1149,1071,2,1
1,3,115,694,2,0
1,3,1150,1765,2,0
1,3,1153,1362,2,0
1,3,1154,1283,2,0
1,3,1156,1651,2,0
1,3,1158,1507,-1,1
1,3,1161,421,-1,1
1,3,1163,1952,2,0
1,3,1165,941,2,0
1,3,1170,1384,2,0
1,3,1170,759,2,1
1,3,1171,824,2,0
1,3,1172,1878,2,0
1,3,1174,1689,2,0
1,3,1177,723,2,0
1,3,1177,911,2,0
1,3,1182,1173,2,0
1,3,119,1200,2,0
1,3,1190,1205,2,0
1,3,1192,1941,2,0
1,3,1193,231,-1,1
1,3,1196,708,2,0
1,3,120,796,-1,1
1,3,1200,1312,2,0
1,3,1200,798,2,0
1,3,1202,1241,2,0
1,3,1209,1396,-1,1
1,3,1219,1698,-1,1
1,3,122,1374,2,1
1,3,122,1474,2,0
1,3,1220,1116,2,0
1,3,1220,1699,-1,1
1,3,1223,1195,2,0
1,3,1225,1951,2,0
1,3,1238,1995,2,0
1,3,124,1136,2,0
1,3,1256,2005,2,0
1,3,1263,537,2,0
1,3,1267,1911,2,0
1,3,127,1416,2,0
1,3,1272,1633,2,0
1,3,1274,402,-1,1
1,3,1277,1602,2,0
1,3,1277,1676,2,0
1,3,1281,1988,-1,1
1,3,1291,1279,2,0
1,3,1291,1585,2,0
1,3,1298,773,2,0
1,3,131,1181,2,0
1,3,1311,945,2,0
1,3,1316,2011,2,0
1,3,132,1488,2,0
1,3,132,433,2,0
1,3,1321,1165,2,0
1,3,1332,969,2,0
1,3,134,1947,2,0
1,3,1344,126,2,0
1,3,1344,660,-1,1
1,3,135,583,2,0
1,3,1351,1698,2,0
1,3,1352,1304,2,0
1,3,1356,1452,2,0
1,3,1357,1454,2,0
1,3,136,1505,2,0
1,3,1364,1922,-1,1
1,3,1365,229,-1,1
1,3,137,1213,2,0
1,3,1374,1626,2,0
1,3,1374,1628,2,0
1,3,138,645,2,0
1,3,1383,1096,2,0
1,3,1383,1890,-1,1
1,3,1383,640,-1,1
1,3,1396,1407,2,0
1,3,1398,812,-1,1
1,3,140,993,-1,1
1,3,1400,1676,2,0
1,3,1401,1847,2,0
1,3,1404,1472,-1,1
1,3,1407,1401,-1,1
1,3,1408,1703,2,0
1,3,141,1360,2,0
1,3,141,558,-1,1
1,3,1417,1996,2,0
1,3,142,1759,2,0
1,3,1423,1739,2,0
1,3,1437,1988,2,0
1,3,1446,1779,2,0
1,3,1448,1341,2,0
1,3,145,1601,2,0
1,3,145,1944,2,0
1,3,145,571,-1,1
1,3,1459,1335,2,0
1,3,1465,1590,-1,1
1,3,1466,443,2,0
1,3,1468,1963,-1,1
1,3,1474,1119,2,0
1,3,1475,975,2,0
1,3,1477,1723,2,0
1,3,1478,1726,2,0
1,3,1494,1650,-1,1
1,3,151,1372,2,0
1,3,1519,1421,2,0
1,3,152,1433,-1,1
1,3,1521,650,-1,1
1,3,1522,1809,2,0
1,3,1526,1766,2,0
1,3,153,1190,2,0
1,3,153,743,2,0
1,3,1530,1148,-1,1
1,3,1530,1150,-1,1
1,3,1531,1418,2,0
1,3,1535,1792,2,0
1,3,1538,1753,2,0
1,3,154,1706,2,0
1,3,1540,1607,-1,1
1,3,1540,1610,-1,1
1,3,1542,1697,2,0
1,3,1550,850,2,0
1,3,1560,1703,-1,1
1,3,1569,1427,2,0
1,3,157,1652,2,0
1,3,157,845,2,0
1,3,1574,1851,2,0
1,3,1574,1854,2,0
1,3,1575,1649,2,0
1,3,158,843,2,0
1,3,159,665,2,0
1,3,160,1173,2,0
1,3,160,1331,2,0
1,3,160,1334,2,0
1,3,161,1817,2,0
1,3,1615,97,-1,1
1,3,1623,846,2,0
1,3,1625,930,2,0
1,3,1625,932,2,0
1,3,1628,837,2,0
1,3,1631,1989,2,0
1,3,1631,283,2,0
1,3,1631,286,2,0
1,3,1633,46,-1,1
1,3,1633,56,2,0
1,3,1639,1426,-1,1
1,3,164,387,2,0
1,3,1642,878,2,0
1,3,165,1599,2,0
1,3,165,725,2,0
1,3,1652,1319,2,0
1,3,1655,567,2,0
1,3,1658,694,-1,1
1,3,1658,832,2,0
1,3,166,1194,2,1
1,3,1660,887,2,0
1,3,1662,242,2,0
1,3,1665,1567,2,0
1,3,1667,1127,2,0
1,3,1669,802,2,0
1,3,1672,156,2,0
1,3,1673,1340,2,0
1,3,1674,705,2,0
1,3,1674,956,2,0
1,3,1678,1237,2,0
1,3,168,1373,2,0
1,3,1686,45,2,0
1,3,1688,245,2,0
1,3,1694,940,-1,1
1,3,1695,942,-1,1
1,3,1697,627,2,0
1,3,170,1545,2,0
1,3,1700,1436,-1,1
1,3,1702,328,2,0
1,3,1704,76,2,0
1,3,1705,885,2,0
1,3,1707,540,2,0
1,3,1707,567,-1,1
1,3,1709,756,2,0
1,3,171,1653,2,0
1,3,1711,870,2,0
1,3,1712,820,2,0
1,3,1714,1956,2,0
1,3,1717,913,2,0
1,3,1717,914,2,0
1,3,172,691,2,0
1,3,1725,1937,2,0
1,3,1727,963,2,0
1,3,1728,152,2,0
1,3,1728,937,-1,1
1,3,173,1031,2,0
1,3,173,1625,2,0
1,3,1733,1267,-1,1
1,3,1734,902,2,0
1,3,1734,904,2,0
1,3,1737,987,2,0
1,3,1738,1652,2,0
1,3,1743,944,2,0
1,3,1748,544,2,0
1,3,175,1641,-1,1
1,3,1761,1997,2,0
1,3,1762,1941,2,0
1,3,177,1366,2,0
1,3,177,539,-1,1
1,3,1770,214,2,0
1,3,1772,192,2,0
1,3,1774,1853,2,0
1,3,1774,1856,2,0
1,3,1776,234,2,0
1,3,1783,283,2,0
1,3,1786,909,2,0
1,3,1789,1278,2,0
1,3,1789,138,2,0
1,3,1789,1668,2,0
1,3,1791,1023,2,0
1,3,1792,1329,2,1
1,3,1792,156,2,0
1,3,1795,294,2,0
1,3,1797,1779,2,0
1,3,180,910,2,0
1,3,1802,164,2,0
1,3,1804,1978,2,0
1,3,1807,1767,2,0
1,3,1807,913,2,0
1,3,1809,560,2,1
1,3,181,1656,2,0
1,3,1815,552,2,0
1,3,1817,1307,2,0
1,3,1817,1308,-1,1
1,3,1817,1310,2,0
1,3,1818,487,2,0
1,3,1821,1626,2,0
1,3,1825,1119,2,0
1,3,1825,1978,2,0
1,3,1826,1844,2,0
1,3,1826,214,2,0
1,3,183,722,2,0
1,3,183,976,2,0
1,3,1833,993,2,0
1,3,1837,1186,2,0
1,3,1838,648,2,0
1,3,1839,491,2,0
1,3,1839,831,2,0
1,3,1841,1640,2,0
1,3,1847,566,2,0
1,3,1856,1482,2,0
1,3,1856,293,2,0
1,3,1859,1790,2,0
1,3,1863,317,2,0
1,3,1863,487,2,0
1,3,1864,1708,2,0
1,3,1868,571,2,0
1,3,187,1659,2,0
1,3,187,622,-1,1
1,3,187,675,-1,1
1,3,1871,1819,2,0
1,3,1871,45,-1,1
1,3,1875,551,2,0
1,3,1876,605,2,0
1,3,1877,1742,2,0
1,3,188,1311,2,0
1,3,1881,1195,2,0
1,3,1884,606,2,0
1,3,1886,65,2,0
1,3,1887,1921,2,0
1,3,1888,669,2,0
1,3,1890,206,2,0
1,3,1890,483,2,0
1,3,1892,608,2,0
1,3,1894,80,2,0
1,3,1898,1837,2,0
1,3,1902,1719,2,0
1,3,1905,1908,2,0
1,3,1906,70,2,0
1,3,191,1055,-1,1
1,3,1910,42,-1,1
1,3,1910,45,-1,1
1,3,1913,1079,2,0
1,3,1915,108,-1,1
1,3,1915,110,-1,1
1,3,1919,1121,2,0
1,3,192,636,-1,1
1,3,1920,1876,2,0
1,3,1921,1958,2,0
1,3,1922,547,2,0
1,3,1927,1967,2,0
1,3,1928,1159,2,0
1,3,1929,476,2,0
1,3,193,1620,-1,1
1,3,193,933,2,0
1,3,1930,1758,-1,1
1,3,1934,203,2,0
1,3,1938,119,2,0
1,3,1938,122,2,0
1,3,1941,1352,2,0
1,3,1946,228,2,0
1,3,1953,127,2,0
1,3,1953,130,2,0
1,3,1953,272,2,0
1,3,1956,1766,2,0
1,3,1956,1866,2,0
1,3,1960,298,2,0
1,3,1965,1743,2,0
1,3,1965,1746,2,0
1,3,1972,1489,2,0
1,3,1972,157,-1,1
1,3,1974,1319,2,0
1,3,1974,1502,2,0
1,3,1975,1374,2,0
1,3,1976,121,2,0
1,3,1977,1588,2,0
1,3,1981,1243,2,0
1,3,1982,1303,-1,1
1,3,1982,1357,2,0
1,3,1988,1163,2,0
1,3,1988,1482,2,0
1,3,1988,1485,-1,1
1,3,1988,241,-1,1
1,3,1989,322,2,0
1,3,199,724,2,0
1,3,1992,1452,2,0
1,3,1992,288,2,0
1,3,1994,1626,2,0
1,3,1996,1988,2,0
1,3,1996,744,-1,1
1,3,1997,1597,2,0
1,3,1997,1600,2,0
1,3,2006,138,2,0
1,3,2012,323,2,0
1,3,2015,33,2,0
1,3,2016,47,2,0
1,3,2017,132,-1,1
1,3,2017,306,2,0
1,3,2017,33,2,0
1,3,2018,1701,-1,1
1,3,2019,1735,2,0
1,3,2021,1630,2,0
1,3,2022,155,2,1
1,3,2022,1962,2,0
1,3,2023,1083,2,0
1,3,2026,1127,2,0
1,3,2027,1099,2,0
1,3,2027,1726,2,0
1,3,2027,36,2,0
1,3,2027,39,2,0
1,3,2028,320,2,0
1,3,203,801,-1,1
1,3,203,883,2,0
1,3,203,884,2,0
1,3,2030,1301,2,0
1,3,2030,1765,2,0
1,3,2032,50,2,0
1,3,2033,1378,2,0
1,3,2033,347,2,0
1,3,2033,349,2,0
1,3,2033,47,-1,1
1,3,2035,338,2,0
1,3,2036,79,2,0
1,3,2037,113,2,0
1,3,2038,1404,2,0
1,3,2045,167,2,0
1,3,2045,1919,2,0
1,3,2046,1835,2,0
1,3,2047,99,2,0
1,3,2049,1529,2,0
1,3,2051,428,-1,1
1,3,2051,431,-1,1
1,3,2052,1170,2,0
1,3,2053,62,-1,1
1,3,2056,1885,2,0
1,3,2058,1769,2,0
1,3,206,740,2,0
1,3,2060,1606,2,1
1,3,2060,1727,2,0
1,3,2060,76,2,0
1,3,2060,78,2,0
1,3,2060,87,2,0
1,3,2061,107,2,0
1,3,2061,47,2,0
1,3,2061,50,2,0
1,3,2062,38,2,0
1,3,2063,1249,2,0
1,3,2063,1935,2,0
1,3,2064,238,2,0
1,3,2064,240,-1,1
1,3,2066,1199,-1,1
1,3,2066,582,2,1
1,3,2067,746,2,0
1,3,2068,1170,2,0
1,3,2073,113,-1,1
1,3,2073,1278,-1,1
1,3,2073,1704,2,0
1,3,2073,1949,2,0
1,3,2076,1251,-1,1
1,3,2079,41,2,0
1,3,208,597,2,0
1,3,2080,97,2,0
1,3,2082,80,2,0
1,3,209,648,2,0
1,3,209,651,2,0
1,3,214,904,2,0
1,3,214,906,2,0
1,3,219,1063,2,0
1,3,219,1605,2,0
1,3,220,915,2,0
1,3,221,1358,2,0
1,3,221,334,2,0
1,3,221,594,-1,1
1,3,224,638,-1,1
1,3,225,41,2,0
1,3,231,480,-1,1
1,3,231,846,2,0
1,3,234,864,2,0
1,3,236,1883,-1,1
1,3,248,548,-1,1
1,3,250,433,2,0
1,3,259,541,2,0
1,3,264,1276,2,0
1,3,266,301,2,0
1,3,267,299,-1,1
1,3,270,377,2,0
1,3,270,532,-1,1
1,3,271,1672,2,0
1,3,271,1675,2,0
1,3,271,1872,2,0
1,3,271,1874,2,0
1,3,271,1907,-1,1
1,3,271,1908,2,0
1,3,271,600,-1,1
1,3,272,1045,2,0
1,3,273,188,-1,1
1,3,275,1708,-1,1
1,3,275,1710,-1,1
1,3,279,1083,2,1
1,3,279,1136,2,0
1,3,279,613,2,0
1,3,281,1188,2,0
1,3,281,1604,-1,1
1,3,286,1625,2,0
1,3,286,1834,2,0
1,3,287,714,2,0
1,3,287,877,2,0
1,3,288,1529,-1,1
1,3,289,1048,2,0
1,3,291,1634,2,0
1,3,291,1637,2,0
1,3,292,1711,2,0
1,3,292,1713,2,0
1,3,296,661,2,0
1,3,297,659,2,0
1,3,298,621,2,1
1,3,300,596,2,1
1,3,304,537,2,1
1,3,305,1127,2,0
1,3,306,664,-1,1
1,3,308,1706,2,1
1,3,310,902,2,0
1,3,310,906,2,0
1,3,314,84,-1,1
1,3,317,1642,-1,1
1,3,317,1644,2,0
1,3,319,730,2,0
1,3,319,939,2,0
1,3,319,941,2,0
1,3,320,564,-1,1
1,3,323,927,2,0
1,3,326,764,2,0
1,3,329,879,2,0
1,3,330,877,2,0
1,3,333,552,2,0
1,3,334,615,-1,1
1,3,335,1953,-1,1
1,3,337,1130,-1,1
1,3,339,294,-1,1
1,3,340,1203,2,0
1,3,341,1225,2,0
1,3,342,638,2,0
1,3,344,1042,-1,1
1,3,345,769,2,0
1,3,345,771,2,0
1,3,349,1144,2,1
1,3,351,702,2,0
1,3,356,1131,2,0
1,3,356,980,2,0
1,3,357,978,2,0
1,3,360,1140,2,0
1,3,360,1454,2,0
1,3,361,842,2,0
1,3,362,1086,2,0
1,3,366,1589,-1,1
1,3,374,1419,2,0
1,3,380,604,2,0
1,3,384,697,-1,1
1,3,386,492,2,0
1,3,386,609,2,0
1,3,388,602,2,0
1,3,393,1165,2,0
1,3,393,1167,2,0
1,3,400,1470,2,0
1,3,400,568,-1,1
1,3,400,570,-1,1
1,3,401,604,2,0
1,3,402,1499,-1,1
1,3,403,1146,2,0
1,3,403,1149,2,0
1,3,405,1069,-1,1
1,3,407,984,2,0
1,3,410,1091,2,1
1,3,410,278,2,0
1,3,412,1150,2,0
1,3,415,901,2,0
1,3,417,1054,2,0
1,3,417,1057,2,1
1,3,418,1515,2,0
1,3,418,765,2,0
1,3,419,1513,2,0
1,3,420,1481,2,0
1,3,422,1540,2,0
1,3,424,878,2,0
1,3,425,1196,2,0
1,3,425,750,2,0
1,3,429,1150,2,0
1,3,438,1964,2,0
1,3,444,410,-1,1
1,3,445,660,2,0
1,3,447,304,2,0
1,3,450,1659,2,0
1,3,452,1188,2,0
1,3,453,1060,-1,1
1,3,453,1063,2,0
1,3,455,1078,2,0
1,3,455,1081,2,0
1,3,455,1114,2,0
1,3,455,1117,2,0
1,3,457,1105,2,0
1,3,459,1093,2,0
1,3,461,1984,2,0
1,3,463,728,2,0
1,3,464,390,-1,1
1,3,465,392,2,0
1,3,469,1072,2,0
1,3,471,564,-1,1
1,3,472,561,-1,1
1,3,475,1123,-1,1
1,3,476,636,2,0
1,3,478,1086,2,0
1,3,478,1089,2,1
1,3,478,698,2,0
1,3,479,573,-1,1
1,3,479,693,2,0
1,3,480,897,2,1
1,3,483,739,2,0
1,3,484,1940,2,0
1,3,484,1942,2,0
1,3,485,1065,2,0
1,3,485,1735,2,0
1,3,486,1475,2,0
1,3,486,1983,-1,1
1,3,492,1056,2,0
1,3,494,1111,2,0
1,3,495,815,2,0
1,3,499,583,2,0
1,3,499,625,2,0
1,3,502,1125,2,0
1,3,505,1114,2,1
1,3,516,1101,2,0
1,3,522,1262,2,0
1,3,525,1511,2,0
1,3,528,644,2,0
1,3,535,1275,2,0
1,3,547,1334,2,0
1,3,547,680,2,0
1,3,551,251,2,0
1,3,558,226,2,1
1,3,559,614,2,0
1,3,560,612,2,0
1,3,569,385,2,0
1,3,570,382,2,0
1,3,575,369,2,0
1,3,575,398,2,0
1,3,580,1510,-1,1
1,3,581,458,2,0
1,3,586,486,2,0
1,3,590,1442,-1,1
1,3,590,1457,2,0
1,3,591,1556,2,0
1,3,591,215,2,0
1,3,592,253,2,0
1,3,593,296,2,0
1,3,593,764,2,0
1,3,598,265,2,0
1,3,602,1521,-1,1
1,3,602,1619,2,0
1,3,602,757,2,0
1,3,604,1169,2,0
1,3,605,428,2,0
1,3,606,426,2,0
1,3,610,1501,-1,1
1,3,611,699,2,0
1,3,612,802,2,0
1,3,617,1204,2,0
1,3,621,1136,2,0
1,3,621,574,2,0
1,3,631,1485,-1,1
1,3,631,1488,-1,1
1,3,632,1697,-1,1
1,3,632,557,2,0
1,3,639,597,2,0
1,3,640,428,2,0
1,3,642,465,2,0
1,3,647,1172,2,0
1,3,647,1911,2,0
1,3,647,609,-1,1
1,3,648,806,2,0
1,3,650,1418,2,0
1,3,650,752,2,0
1,3,653,1125,2,0
1,3,655,1646,2,0
1,3,660,45,2,0
1,3,662,714,2,0
1,3,665,573,-1,1
1,3,665,959,2,1
1,3,666,1925,2,0
1,3,674,1463,2,0
1,3,674,565,2,0
1,3,675,1448,2,0
1,3,675,1733,2,0
1,3,681,1439,-1,1
1,3,684,691,2,0
1,3,686,1449,2,0
1,3,688,424,2,0
1,3,690,810,2,0
1,3,695,991,2,0
1,3,700,303,2,0
1,3,701,1968,2,0
1,3,703,850,2,0
1,3,705,496,2,0
1,3,705,601,2,0
1,3,706,493,2,0
1,3,706,803,-1,1
1,3,709,288,2,0
1,3,716,1402,2,0
1,3,717,380,2,0
1,3,718,444,2,0
1,3,725,1552,2,0
1,3,729,1453,-1,1
1,3,737,372,2,0
1,3,740,1744,2,0
1,3,742,1507,-1,1
1,3,744,1447,2,0
1,3,745,915,2,0
1,3,750,655,2,0
1,3,750,659,2,0
1,3,752,1925,2,0
1,3,752,871,2,0
1,3,753,1268,-1,1
1,3,764,1000,2,1
1,3,765,410,2,0
1,3,766,1636,2,0
1,3,779,395,2,0
1,3,786,1488,2,0
1,3,792,418,-1,1
1,3,795,409,2,0
1,3,796,1466,-1,1
1,3,796,408,2,0
1,3,800,1956,2,0
1,3,806,1409,-1,1
1,3,813,1952,2,0
1,3,814,905,-1,1
1,3,818,482,2,0
1,3,819,480,2,0
1,3,819,501,2,0
1,3,823,1465,2,0
1,3,824,89,-1,1
1,3,826,1704,2,0
1,3,826,38,-1,1
1,3,839,1801,2,0
1,3,839,869,-1,1
1,3,842,1773,2,0
1,3,842,1916,2,0
1,3,842,2014,2,0
1,3,845,1968,2,0
1,3,846,1375,2,0
1,3,849,1921,2,0
1,3,851,596,2,0
1,3,852,964,2,0
1,3,853,1901,2,0
1,3,857,1123,-1,1
1,3,867,1149,2,0
1,3,871,1482,2,0
1,3,878,1814,2,0
1,3,879,1089,-1,1
1,3,883,1063,-1,1
1,3,887,491,2,0
1,3,890,1455,2,0
1,3,896,243,2,0
1,3,903,1460,2,0
1,3,903,1980,2,0
1,3,904,1745,2,0
1,3,907,446,2,0
1,3,908,444,2,0
1,3,911,515,2,0
1,3,921,1909,2,0
1,3,922,1908,2,0
1,3,937,1948,2,0
1,3,945,1665,2,0
1,3,959,448,2,0
1,3,961,1058,2,0
1,3,964,1048,2,0
1,3,97,767,2,0
1,3,979,1041,2,0
1,3,989,1058,2,0
1,4,1004,2009,2,0
1,4,1005,223,2,0
1,4,1022,222,-1,1
1,4,1022,335,2,0
1,4,1023,1494,2,0
1,4,1033,1673,2,0
1,4,1036,1055,2,0
1,4,1036,388,2,0
1,4,1038,1995,2,0
1,4,104,647,-1,1
1,4,1042,1802,2,0
1,4,1046,1386,2,0
1,4,1048,291,-1,1
1,4,105,1863,2,0
1,4,1066,370,2,0
1,4,1067,1209,2,0
1,4,1067,1211,2,0
1,4,1083,977,2,0
1,4,1089,935,2,0
1,4,109,1485,2,0
1,4,1092,849,2,0
1,4,1095,864,2,0
1,4,110,1905,2,0
1,4,1100,799,2,0
1,4,111,1563,2,0
1,4,1110,992,2,0
1,4,1111,1952,2,0
1,4,1113,1121,2,0
1,4,1114,1158,2,0
1,4,1115,852,2,1
1,4,1121,1667,2,0
1,4,1138,1875,2,0
1,4,114,1438,2,0
1,4,1142,383,-1,1
1,4,1143,1380,2,0
1,4,1143,1863,2,0
1,4,1146,820,2,0
1,4,1150,1775,2,0
1,4,1150,1860,2,0
1,4,1156,1669,2,0
1,4,1158,1838,2,0
1,4,1159,1840,2,0
1,4,1161,269,2,0
1,4,1164,1154,2,0
1,4,1170,388,2,0
1,4,1171,1082,-1,1
1,4,1175,441,-1,1
1,4,118,342,2,0
1,4,1182,1993,2,0
1,4,1184,346,2,0
1,4,1184,597,2,0
1,4,1190,1008,2,0
1,4,1193,1473,2,0
1,4,1193,1855,2,0
1,4,121,1647,2,0
1,4,121,1675,2,0
1,4,1212,520,2,0
1,4,1213,1332,2,0
1,4,1213,1981,2,0
1,4,1215,1260,2,0
1,4,1217,316,-1,1
1,4,1218,1343,2,0
1,4,1223,366,2,1
1,4,1226,79,2,0
1,4,123,1667,2,0
1,4,1234,1119,-1,1
1,4,1238,765,2,0
1,4,1239,767,2,0
1,4,1241,175,2,0
1,4,1243,223,2,0
1,4,125,116,2,0
1,4,1261,289,-1,1
1,4,1262,289,2,0
1,4,1263,1804,2,0
1,4,1265,525,2,0
1,4,1268,653,-1,1
1,4,1270,1908,-1,1
1,4,1274,1384,-1,1
1,4,1276,403,2,0
1,4,1277,405,2,0
1,4,128,1408,2,0
1,4,1281,1772,2,0
1,4,1286,273,2,0
1,4,1293,814,-1,1
1,4,1294,863,2,1
1,4,1299,110,2,0
1,4,1300,883,2,0
1,4,1300,886,2,0
1,4,1303,201,2,0
1,4,1303,582,2,0
1,4,1306,1948,2,0
1,4,1309,1877,2,0
1,4,131,1534,-1,1
1,4,1310,607,2,0
1,4,1317,1674,2,0
1,4,1319,1284,2,0
1,4,1320,1433,2,0
1,4,1323,1768,2,0
1,4,1326,1336,2,0
1,4,1327,1827,2,0
1,4,1327,1830,2,0
1,4,1328,862,-1,1
1,4,1329,847,2,0
1,4,133,1880,2,0
1,4,1332,1668,2,0
1,4,1338,362,2,0
1,4,1339,364,2,0
1,4,1339,629,-1,1
1,4,134,1296,2,0
1,4,1342,880,-1,1
1,4,1350,284,2,0
1,4,1351,1310,2,0
1,4,1354,165,2,0
1,4,1354,883,2,1
1,4,1357,2002,2,0
1,4,1358,638,2,0
1,4,136,1050,2,0
1,4,1360,1399,2,0
1,4,1360,68,2,0
1,4,1362,844,2,0
1,4,1366,793,2,0
1,4,1368,1992,2,0
1,4,1370,732,2,0
1,4,1376,794,2,0
1,4,1377,393,2,0
1,4,138,1744,2,0
1,4,1387,1086,2,0
1,4,139,448,-1,1
1,4,1390,836,2,0
1,4,1394,332,2,0
1,4,1397,608,-1,1
1,4,1400,1973,2,0
1,4,1402,1719,2,0
1,4,1403,2002,2,1
1,4,1406,477,2,0
1,4,1412,577,-1,1
1,4,142,1952,2,0
1,4,1430,1701,2,0
1,4,1431,132,2,0
1,4,1434,531,-1,1
1,4,1438,93,2,0
1,4,1440,1660,-1,1
1,4,1440,1663,-1,1
1,4,1440,254,2,0
1,4,1447,1834,2,0
1,4,1447,227,2,0
1,4,1447,456,-1,1
1,4,145,1292,2,0
1,4,145,1698,2,0
1,4,1451,601,-1,1
1,4,1455,788,-1,1
1,4,1456,787,2,0
1,4,146,130,2,0
1,4,1463,1921,-1,1
1,4,1471,1085,2,0
1,4,1478,554,-1,1
1,4,1479,1788,-1,1
1,4,1483,579,-1,1
1,4,1491,131,2,0
1,4,1494,1515,2,0
1,4,1494,317,2,0
1,4,150,1466,2,0
1,4,1501,118,2,0
1,4,151,1751,2,0
1,4,1512,1911,2,0
1,4,1519,1514,-1,1
1,4,1520,64,2,0
1,4,1523,686,2,0
1,4,1524,1087,2,0
1,4,1524,1089,2,0
1,4,1525,453,2,0
1,4,1526,358,2,0
1,4,1531,1319,2,0
1,4,1533,726,2,0
1,4,1535,944,2,0
1,4,1536,187,2,0
1,4,1536,942,2,1
1,4,1543,1116,-1,1
1,4,1548,303,2,0
1,4,1548,351,-1,1
1,4,1548,618,-1,1
1,4,1550,480,2,0
1,4,1551,772,2,0
1,4,1556,226,2,0
1,4,1557,225,2,1
1,4,1563,788,2,0
1,4,1564,714,2,0
1,4,1564,716,2,0
1,4,1568,1191,-1,1
1,4,1578,267,2,0
1,4,1578,269,-1,1
1,4,1579,905,2,0
1,4,1615,737,2,0
1,4,1619,602,2,0
1,4,162,1204,-1,1
1,4,1626,601,2,0
1,4,1628,927,2,0
1,4,163,1806,2,0
1,4,1638,205,2,0
1,4,1642,754,-1,1
1,4,1642,756,2,0
1,4,1644,957,2,0
1,4,1645,71,2,0
1,4,1648,1066,2,0
1,4,1648,1068,2,0
1,4,1650,804,-1,1
1,4,1652,152,-1,1
1,4,1656,1061,2,1
1,4,1656,371,-1,1
1,4,1657,449,2,0
1,4,166,1837,2,0
1,4,1667,272,2,0
1,4,1667,911,2,0
1,4,1669,270,2,0
1,4,1672,652,2,0
1,4,168,919,2,1
1,4,1683,814,2,0
1,4,1684,54,2,0
1,4,1685,54,2,0
1,4,1686,505,2,0
1,4,1687,769,2,0
1,4,1688,1078,2,0
1,4,1695,1393,-1,1
1,4,1695,543,2,0
1,4,1695,595,2,0
1,4,170,1771,2,0
1,4,1700,376,2,0
1,4,1700,378,2,0
1,4,1701,380,2,0
1,4,1706,915,2,0
1,4,1707,98,2,0
1,4,1710,333,2,0
1,4,1711,418,2,0
1,4,1711,717,2,0
1,4,1712,93,2,0
1,4,1715,651,-1,1
1,4,172,1735,2,0
1,4,172,1738,2,0
1,4,1722,796,2,0
1,4,1724,828,2,0
1,4,1727,665,2,0
1,4,1729,989,-1,1
1,4,1733,647,2,0
1,4,1734,757,2,0
1,4,1736,326,-1,1
1,4,1737,325,-1,1
1,4,1737,672,-1,1
1,4,1743,1123,2,0
1,4,1749,546,2,0
1,4,1750,702,2,0
1,4,1752,369,2,0
1,4,1755,999,2,1
1,4,1759,1938,2,0
1,4,1761,1170,2,0
1,4,1761,833,2,0
1,4,1762,1168,2,0
1,4,1762,1736,2,0
1,4,1764,552,2,0
1,4,1768,794,2,0
1,4,1771,1808,-1,1
1,4,1776,666,2,0
1,4,1782,907,2,0
1,4,1784,1059,2,0
1,4,1784,816,2,0
1,4,1785,1433,-1,1
1,4,1785,826,2,0
1,4,1786,1357,2,0
1,4,1788,680,2,0
1,4,1793,995,2,0
1,4,1795,54,-1,1
1,4,1795,56,-1,1
1,4,1796,373,2,0
1,4,1797,752,2,0
1,4,1798,1447,-1,1
1,4,1800,975,-1,1
1,4,1807,650,-1,1
1,4,1807,652,-1,1
1,4,1809,1094,2,0
1,4,1813,42,2,0
1,4,1816,1248,-1,1
1,4,1816,590,2,0
1,4,1826,983,-1,1
1,4,1827,751,2,0
1,4,1830,601,-1,1
1,4,1831,1077,2,0
1,4,1832,1586,2,0
1,4,1833,1749,2,0
1,4,1837,93,2,0
1,4,1837,954,2,0
1,4,1838,778,2,0
1,4,184,1738,2,0
1,4,1842,572,-1,1
1,4,1843,943,2,0
1,4,1844,596,-1,1
1,4,1846,274,2,0
1,4,185,1829,-1,1
1,4,1852,841,-1,1
1,4,1855,1225,2,0
1,4,1863,782,2,0
1,4,187,1227,2,0
1,4,1871,1412,-1,1
1,4,1871,949,2,0
1,4,1872,724,2,0
1,4,1874,194,2,0
1,4,1878,218,2,0
1,4,1883,580,-1,1
1,4,1889,483,2,0
1,4,1889,813,2,0
1,4,1890,1161,2,0
1,4,1894,908,2,0
1,4,1896,690,2,0
1,4,1899,1311,2,0
1,4,1900,789,2,0
1,4,1901,1278,2,0
1,4,1901,562,2,0
1,4,1906,1164,2,0
1,4,191,1146,2,0
1,4,1911,364,2,1
1,4,1911,365,2,0
1,4,1912,398,-1,1
1,4,1913,265,2,0
1,4,1913,934,2,0
1,4,1915,1191,2,0
1,4,1915,1193,2,0
1,4,1916,593,-1,1
1,4,1918,1637,2,0
1,4,1919,257,2,0
1,4,1920,880,2,0
1,4,1923,449,2,0
1,4,1924,544,-1,1
1,4,1925,1895,2,0
1,4,1926,702,2,0
1,4,1928,313,2,0
1,4,193,1627,-1,1
1,4,193,1631,2,0
1,4,1930,1850,2,0
1,4,1930,758,2,0
1,4,1937,889,2,0
1,4,1938,914,2,0
1,4,1943,1233,-1,1
1,4,1944,77,2,0
1,4,1946,864,2,0
1,4,1950,840,2,0
1,4,1951,526,2,0
1,4,1951,528,2,0
1,4,1955,1410,2,0
1,4,1958,1820,2,0
1,4,1959,99,-1,1
1,4,1960,863,2,0
1,4,1967,1235,2,0
1,4,1975,1361,2,0
1,4,1977,1701,2,0
1,4,1978,1454,2,0
1,4,1979,1107,2,0
1,4,1979,2025,2,0
1,4,1980,1089,2,0
1,4,1980,833,2,0
1,4,1983,1153,2,0
1,4,1986,1831,2,0
1,4,1987,1729,-1,1
1,4,1988,798,2,0
1,4,1991,757,2,0
1,4,1992,1021,2,0
1,4,1993,1237,2,0
1,4,1993,1532,2,0
1,4,1995,1403,2,0
1,4,2002,908,-1,1
1,4,2003,778,-1,1
1,4,2005,1132,-1,1
1,4,2005,1195,2,0
1,4,2011,97,-1,1
1,4,2014,542,-1,1
1,4,2017,948,2,0
1,4,2029,1251,2,0
1,4,2030,296,2,0
1,4,2030,608,-1,1
1,4,2030,610,2,0
1,4,2031,1882,-1,1
1,4,2032,1879,2,0
1,4,2033,1296,2,0
1,4,2035,967,2,0
1,4,2036,1776,-1,1
1,4,2041,1696,2,0
1,4,2042,719,2,0
1,4,2043,1390,2,0
1,4,2044,796,2,0
1,4,2045,1094,2,0
1,4,2045,1606,-1,1
1,4,2046,189,2,0
1,4,2047,1234,2,0
1,4,2048,1775,2,0
1,4,2050,1930,2,0
1,4,206,1636,2,0
1,4,2061,1533,2,0
1,4,2062,995,2,0
1,4,2063,1145,-1,1
1,4,2063,1758,2,0
1,4,2064,1363,-1,1
1,4,2069,354,2,0
1,4,2074,373,2,0
1,4,209,857,2,0
1,4,211,1183,-1,1
1,4,215,1153,2,0
1,4,220,1993,2,0
1,4,223,1210,2,0
1,4,230,1780,2,0
1,4,232,1579,2,0
1,4,234,1633,2,0
1,4,245,39,2,0
1,4,246,1824,2,0
1,4,246,619,2,0
1,4,255,1003,-1,1
1,4,258,50,2,0
1,4,259,1656,2,0
1,4,264,517,2,0
1,4,265,499,2,0
1,4,277,1784,2,0
1,4,277,784,2,0
1,4,279,429,2,0
1,4,282,1668,2,0
1,4,282,1765,2,0
1,4,282,1853,2,0
1,4,282,376,2,0
1,4,296,1291,2,0
1,4,297,1706,2,0
1,4,297,902,-1,1
1,4,308,1723,2,0
1,4,312,1527,2,0
1,4,317,1424,2,0
1,4,320,1601,2,0
1,4,321,1952,2,0
1,4,328,1642,2,0
1,4,328,1645,-1,1
1,4,328,784,2,0
1,4,333,1022,2,0
1,4,334,1108,2,0
1,4,334,1822,2,0
1,4,337,1982,2,0
1,4,338,975,2,0
1,4,339,1402,2,0
1,4,339,1493,2,0
1,4,339,186,2,0
1,4,344,1124,2,0
1,4,346,658,2,0
1,4,350,991,2,0
1,4,353,1018,2,0
1,4,360,1656,2,0
1,4,370,1019,2,0
1,4,370,1319,-1,1
1,4,373,158,-1,1
1,4,375,301,2,0
1,4,379,1215,2,0
1,4,383,549,-1,1
1,4,386,1128,2,0
1,4,388,1849,2,0
1,4,395,780,2,0
1,4,397,1598,2,0
1,4,399,1987,2,0
1,4,405,507,-1,1
1,4,405,612,2,0
1,4,406,1751,2,0
1,4,410,40,2,0
1,4,415,1978,2,0
1,4,416,1378,2,0
1,4,417,727,2,0
1,4,431,489,-1,1
1,4,438,1792,2,0
1,4,440,1822,2,0
1,4,442,1914,-1,1
1,4,443,1362,-1,1
1,4,446,1136,2,0
1,4,452,1735,2,0
1,4,453,1895,2,0
1,4,457,1918,2,0
1,4,457,514,2,0
1,4,457,518,2,0
1,4,458,1808,2,0
1,4,464,407,2,0
1,4,464,497,-1,1
1,4,464,501,2,0
1,4,465,433,2,0
1,4,466,273,2,0
1,4,466,599,2,0
1,4,468,1757,2,0
1,4,473,476,2,0
1,4,474,472,-1,1
1,4,477,447,-1,1
1,4,478,481,2,0
1,4,482,1593,2,0
1,4,486,597,2,0
1,4,489,1733,2,0
1,4,489,1801,2,0
1,4,490,1216,-1,1
1,4,493,453,2,0
1,4,495,479,2,0
1,4,495,483,2,0
1,4,497,331,2,0
1,4,500,1824,2,0
1,4,510,311,2,0
1,4,517,1737,2,0
1,4,521,1821,2,0
1,4,521,451,2,0
1,4,525,1582,2,0
1,4,540,356,2,0
1,4,554,1659,2,0
1,4,557,1829,2,0
1,4,557,1831,2,0
1,4,564,238,2,0
1,4,569,1669,-1,1
1,4,575,1721,2,0
1,4,586,1988,2,0
1,4,590,1805,2,0
1,4,594,1934,2,0
1,4,594,1985,2,0
1,4,595,256,2,0
1,4,597,1009,2,0
1,4,598,1956,2,0
1,4,603,1612,2,0
1,4,604,1583,2,0
1,4,604,366,2,0
1,4,604,368,-1,1
1,4,605,451,2,0
1,4,606,157,2,0
1,4,608,1807,2,0
1,4,619,1882,2,0
1,4,635,318,2,0
1,4,636,1447,2,0
1,4,642,97,2,0
1,4,649,1823,2,0
1,4,652,1175,2,0
1,4,652,1338,2,0
1,4,654,1961,-1,1
1,4,655,1268,2,0
1,4,655,1942,2,0
1,4,657,427,2,0
1,4,657,445,2,0
1,4,658,1248,2,0
1,4,659,1868,2,0
1,4,659,465,2,0
1,4,663,1237,2,0
1,4,663,1820,2,0
1,4,664,1739,2,0
1,4,665,1234,2,0
1,4,666,1989,2,1
1,4,668,1950,2,0
1,4,670,1670,2,0
1,4,671,1517,2,0
1,4,674,1730,2,0
1,4,674,372,2,0
1,4,679,1977,2,0
1,4,680,1700,2,0
1,4,690,1509,-1,1
1,4,694,509,2,0
1,4,701,1415,2,0
1,4,702,419,2,0
1,4,706,1115,2,0
1,4,706,2012,2,0
1,4,710,1755,2,0
1,4,710,787,2,0
1,4,712,1911,2,0
1,4,729,1997,-1,1
1,4,732,2014,2,0
1,4,733,414,2,0
1,4,738,437,2,0
1,4,738,439,2,0
1,4,741,1237,-1,1
1,4,741,1350,2,0
1,4,743,459,2,0
1,4,753,1485,2,0
1,4,753,1895,2,0
1,4,755,1742,2,0
1,4,760,1170,-1,1
1,4,760,1856,-1,1
1,4,780,1999,2,0
1,4,781,41,2,0
1,4,783,1999,2,0
1,4,783,304,2,1
1,4,783,340,2,0
1,4,783,342,2,0
1,4,784,1854,-1,1
1,4,785,1850,2,0
1,4,794,590,-1,1
1,4,800,1436,2,0
1,4,806,1515,2,0
1,4,806,1958,2,0
1,4,808,1847,-1,1
1,4,809,2006,-1,1
1,4,811,1817,2,0
1,4,816,348,2,1
1,4,818,1500,-1,1
1,4,831,1229,2,0
1,4,843,1917,2,0
1,4,844,1952,2,0
1,4,853,1585,-1,1
1,4,857,572,-1,1
1,4,858,1588,2,0
1,4,860,1384,2,0
1,4,873,175,2,0
1,4,875,1937,2,0
1,4,878,1686,2,0
1,4,879,1683,2,0
1,4,881,1962,2,1
1,4,892,1370,2,1
1,4,896,1591,2,0
1,4,896,1859,2,0
1,4,896,1862,2,0
1,4,900,1772,2,0
1,4,913,1245,2,0
1,4,913,1289,2,0
1,4,916,295,2,0
1,4,926,1273,-1,1
1,4,929,1806,2,0
1,4,929,393,2,0
1,4,937,1783,2,0
1,4,939,1371,2,0
1,4,942,629,2,0
1,4,950,1358,-1,1
1,4,951,1470,2,0
1,4,953,1374,-1,1
1,4,954,1819,2,0
1,4,962,1366,2,0
1,4,965,1485,2,0
1,4,965,848,2,0
1,4,966,1377,2,0
1,4,968,1702,2,0
1,4,969,1699,2,1
1,4,970,782,2,0
1,4,972,1133,2,0
1,4,973,1648,2,0
1,4,975,1499,2,0
1,4,976,1601,2,0
1,4,979,1607,2,0
1,4,982,502,-1,1
1,4,983,1267,2,0
1,4,987,1118,-1,1
1,4,987,1968,2,0
1,4,99,1929,2,0
1,4,991,1775,2,0
1,4,997,772,-1,1
2,1,1003,1819,2,0
2,1,1013,1905,-1,1
2,1,1031,1961,2,0
2,1,1118,1852,2,0
2,1,1314,1743,2,0
2,1,1315,1822,2,0
2,1,1372,1568,-1,1
2,1,1620,691,2,0
2,1,1689,1788,-1,1
2,1,1985,623,2,0
2,1,226,1937,2,1
2,1,292,1181,2,0
2,1,327,1548,2,0
2,1,717,1998,2,0
2,1,727,1697,-1,1
2,1,764,1025,2,0
2,1,769,1599,2,0
2,1,814,1993,2,0
2,1,866,2012,2,0
2,1,868,2013,-1,1
2,1,879,1578,-1,1
2,1,987,1874,2,0
2,1,998,1855,2,0
2,2,1326,43,-1,1
2,2,1353,1012,2,0
2,2,233,915,-1,1
2,2,243,494,2,0
2,2,282,1837,2,0
2,2,632,1676,2,0
2,2,634,631,-1,1
2,3,1183,87,2,0
2,3,1205,274,2,0
2,3,1226,174,2,0
2,3,1235,268,2,0
2,3,1247,310,2,0
2,3,1249,153,2,0
2,3,1294,1792,2,0
2,3,1299,709,-1,1
2,3,1312,1886,2,0
2,3,1338,277,2,0
2,3,1345,101,2,0
2,3,1346,276,2,0
2,3,1350,81,-1,1
2,3,1358,303,2,0
2,3,1378,136,2,0
2,3,1402,82,2,0
2,3,1480,141,2,0
2,3,1490,45,2,0
2,3,1514,828,-1,1
2,3,1529,1428,2,0
2,3,1607,317,2,0
2,3,1611,189,2,0
2,3,1640,286,2,0
2,3,1657,357,-1,1
2,3,1660,333,2,0
2,3,1699,429,2,0
2,3,1712,522,-1,1
2,3,1768,838,-1,1
2,3,1775,45,-1,1
2,3,1798,108,-1,1
2,3,1841,493,2,0
2,3,1841,852,2,0
2,3,1884,1121,2,0
2,3,1895,86,2,0
2,3,1934,518,2,0
2,3,1946,48,-1,1
2,3,1970,466,2,0
2,3,1977,1608,2,0
2,3,1986,112,2,0
2,3,1993,1304,2,0
2,3,296,450,2,0
2,3,353,446,2,0
2,3,392,119,2,0
2,3,402,719,2,0
2,3,411,240,2,0
2,3,411,580,2,0
2,3,426,1255,2,0
2,3,469,135,2,0
2,3,488,416,2,0
2,3,489,35,-1,1
2,3,503,393,2,0
2,3,639,345,2,0
2,3,697,172,2,0
2,3,715,424,2,0
2,3,758,550,-1,1
2,3,779,365,2,0
2,3,903,131,2,0
2,3,943,61,2,0
2,3,963,558,2,0
2,4,1011,1298,2,0
2,4,1013,988,-1,1
2,4,1026,1853,2,0
2,4,1032,850,2,0
2,4,1033,1845,2,0
2,4,1079,464,2,0
2,4,1123,440,2,0
2,4,1161,1895,2,0
2,4,1163,1526,2,0
2,4,1177,340,2,0
2,4,1203,497,2,0
2,4,1214,315,2,0
2,4,1226,93,-1,1
2,4,1240,709,2,0
2,4,1245,1287,-1,1
2,4,1258,904,2,0
2,4,1292,320,2,0
2,4,1308,1607,2,0
2,4,1336,1575,2,0
2,4,1369,166,-1,1
2,4,1371,609,2,0
2,4,1386,468,2,0
2,4,1392,551,2,0
2,4,1397,635,2,0
2,4,140,207,2,0
2,4,1401,65,-1,1
2,4,1415,423,2,0
2,4,142,1128,2,0
2,4,1421,1075,-1,1
2,4,1444,92,-1,1
2,4,1448,279,2,0
2,4,1460,1951,2,0
2,4,147,1197,-1,1
2,4,1477,701,2,0
2,4,1481,1966,2,0
2,4,1509,1043,2,0
2,4,1518,1697,2,0
2,4,1522,807,2,0
2,4,1549,146,2,0
2,4,1561,458,-1,1
2,4,1568,957,2,0
2,4,157,416,-1,1
2,4,1592,777,2,0
2,4,160,74,2,0
2,4,1602,241,2,0
2,4,1614,920,2,0
2,4,1656,609,2,0
2,4,1659,398,2,0
2,4,1670,333,-1,1
2,4,1673,207,-1,1
2,4,1677,753,-1,1
2,4,1698,1892,2,0
2,4,1702,369,2,0
2,4,1719,473,2,0
2,4,1732,323,-1,1
2,4,1739,297,2,0
2,4,1739,665,2,1
2,4,1750,449,2,0
2,4,1750,808,2,1
2,4,1769,466,2,0
2,4,1772,336,2,0
2,4,1780,271,2,0
2,4,1782,1735,-1,1
2,4,1789,394,2,0
2,4,1817,1605,2,0
2,4,1832,728,2,0
2,4,1833,727,2,0
2,4,1839,1118,-1,1
2,4,1853,930,2,0
2,4,1871,1591,2,0
2,4,1871,411,2,0
2,4,1880,825,2,0
2,4,1881,280,2,0
2,4,1888,740,2,0
2,4,1903,853,2,0
2,4,1917,685,2,0
2,4,1918,1113,2,0
2,4,1920,903,2,0
2,4,1926,987,2,0
2,4,1934,863,-1,1
2,4,1936,193,2,0
2,4,1938,632,2,0
2,4,1958,796,-1,1
2,4,1963,228,-1,1
2,4,1974,1050,-1,1
2,4,1979,309,2,0
2,4,1993,407,-1,1
2,4,2001,479,2,0
2,4,2003,77,2,0
2,4,2003,897,2,0
2,4,2018,925,2,0
2,4,2019,1080,2,0
2,4,2033,758,2,0
2,4,2035,314,2,0
2,4,2046,204,-1,1
2,4,2056,1585,-1,1
2,4,2057,369,2,0
2,4,2058,847,2,0
2,4,2065,841,2,0
2,4,2069,1347,2,0
2,4,2074,1262,2,0
2,4,225,425,2,0
2,4,237,1598,2,0
2,4,239,964,2,0
2,4,249,888,2,0
2,4,269,737,2,0
2,4,301,857,-1,1
2,4,311,902,2,0
2,4,345,363,2,0
2,4,357,963,2,0
2,4,360,1250,2,0
2,4,361,121,2,0
2,4,393,282,2,0
2,4,399,353,2,0
2,4,414,236,2,0
2,4,424,1993,2,0
2,4,429,1463,2,0
2,4,432,807,2,0
2,4,451,1225,2,0
2,4,590,1303,2,0
2,4,622,1765,2,0
2,4,641,383,-1,1
2,4,662,1825,2,0
2,4,678,50,2,0
2,4,691,144,2,0
2,4,697,304,2,0
2,4,701,1653,2,0
2,4,724,1379,2,0
2,4,731,575,2,0
2,4,737,77,-1,1
2,4,750,250,2,0
2,4,766,1640,2,0
2,4,769,548,2,0
2,4,785,376,2,0
2,4,785,579,2,0
2,4,800,219,-1,1
2,4,803,1216,2,0
2,4,818,939,2,0
2,4,819,750,-1,1
2,4,820,96,2,0
2,4,827,552,2,0
2,4,828,70,-1,1
2,4,830,1405,2,1
2,4,834,1668,2,0
2,4,834,1915,2,0
2,4,841,36,-1,1
2,4,848,796,-1,1
2,4,848,916,-1,1
2,4,858,1664,-1,1
2,4,864,782,-1,1
2,4,876,853,2,0
2,4,898,112,-1,1
2,4,910,990,-1,1
2,4,911,146,-1,1
2,4,912,906,2,0
2,4,928,265,2,0
2,4,93,1742,-1,1
2,4,931,1691,2,0
2,4,936,511,2,0
2,4,946,1774,2,0
2,4,950,571,2,0
2,4,951,526,2,0
2,4,963,995,2,0
2,4,966,1007,2,0
2,4,967,1200,2,0
2,4,967,1774,2,0
2,4,968,1313,2,0
2,4,971,1884,2,0
2,4,974,547,2,0
2,4,984,1660,2,0
2,4,990,1675,-1,1
3,1,1167,636,-1,1
3,1,1495,538,2,0
3,1,1565,1157,2,0
3,1,1869,468,2,0
3,1,2062,648,-1,1
3,1,750,1023,-1,1
3,1,790,1522,-1,1
3,3,1077,133,-1,1
3,3,1101,204,-1,1
3,3,1201,741,2,0
3,3,1220,266,2,0
3,3,1374,293,-1,1
3,3,1396,555,2,0
3,3,1470,445,2,0
3,3,1635,316,-1,1
3,3,1667,1228,2,0
3,3,1713,139,2,0
3,3,1741,224,2,0
3,3,1848,192,2,0
3,3,1896,371,-1,1
3,3,1906,651,-1,1
3,3,1919,138,2,0
3,3,1983,1055,-1,1
3,3,2035,1413,2,0
3,3,462,615,2,0
3,3,672,73,2,0
3,3,696,83,-1,1
3,3,724,77,2,0
3,3,819,306,2,0
3,3,833,243,2,1
3,3,943,246,-1,1
3,4,1052,783,-1,1
3,4,1196,1434,-1,1
3,4,1201,287,2,0
3,4,1311,754,2,0
3,4,1331,252,-1,1
3,4,1351,694,2,0
3,4,1515,227,2,0
3,4,1529,654,2,0
3,4,1581,660,2,0
3,4,1692,555,2,0
3,4,1697,411,2,0
3,4,1811,996,2,0
3,4,1828,617,2,0
3,4,1834,928,2,0
3,4,1882,1429,2,0
3,4,1950,305,2,0
3,4,2025,186,-1,1
3,4,2036,840,2,0
3,4,2068,343,2,0
3,4,302,308,2,0
3,4,304,498,-1,1
3,4,452,145,-1,1
3,4,632,71,2,0
3,4,789,166,-1,1
3,4,95,1085,2,0
4,1,101,1641,-1,1
4,1,1011,909,-1,1
4,1,1055,708,-1,1
4,1,1059,532,2,0
4,1,1064,856,-1,1
4,1,1073,112,-1,1
4,1,108,1301,2,0
4,1,1084,564,2,0
4,1,1093,1257,2,0
4,1,1099,243,2,0
4,1,1118,583,2,0
4,1,1122,638,2,0
4,1,1134,548,2,0
4,1,1134,679,2,0
4,1,1168,812,-1,1
4,1,1169,815,2,0
4,1,1172,1258,2,0
4,1,1184,525,2,0
4,1,1198,296,2,0
4,1,1199,746,2,0
4,1,120,649,2,0
4,1,121,647,-1,1
4,1,123,1737,2,0
4,1,1231,1617,2,0
4,1,124,1671,2,0
4,1,1243,817,2,0
4,1,1259,594,-1,1
4,1,1265,1268,2,0
4,1,1266,876,2,0
4,1,1278,907,2,0
4,1,128,1408,2,0
4,1,1305,1165,-1,1
4,1,1309,1213,2,0
4,1,1320,1302,2,0
4,1,1347,1689,2,0
4,1,138,279,2,0
4,1,138,444,-1,1
4,1,1389,1174,2,1
4,1,1389,1176,2,0
4,1,1417,930,2,0
4,1,1440,1153,2,0
4,1,1487,384,2,0
4,1,149,1294,-1,1
4,1,1492,1577,2,0
4,1,1498,1191,2,0
4,1,151,1934,2,0
4,1,1553,642,2,0
4,1,157,1175,2,0
4,1,163,420,2,0
4,1,1655,505,-1,1
4,1,1668,585,2,0
4,1,168,819,-1,1
4,1,1681,1182,2,0
4,1,1700,204,2,0
4,1,1723,1053,-1,1
4,1,1737,1097,2,0
4,1,176,1678,2,0
4,1,1770,1066,2,0
4,1,1771,470,2,0
4,1,1772,777,-1,1
4,1,178,1070,2,0
4,1,178,264,2,0
4,1,178,884,2,0
4,1,1807,111,2,0
4,1,1809,1229,2,0
4,1,1819,1463,2,0
4,1,1827,478,2,0
4,1,1828,1086,-1,1
4,1,1833,652,-1,1
4,1,1835,1047,2,0
4,1,1840,1115,2,0
4,1,1841,1080,-1,1
4,1,1860,753,-1,1
4,1,1876,1001,2,0
4,1,1896,1085,2,0
4,1,1910,454,2,0
4,1,192,1250,-1,1
4,1,1954,1188,2,0
4,1,198,1436,-1,1
4,1,1991,494,-1,1
4,1,201,1718,2,0
4,1,221,1434,2,0
4,1,222,1436,2,0
4,1,227,1385,2,0
4,1,227,1652,2,0
4,1,229,605,2,0
4,1,232,229,2,0
4,1,232,571,2,0
4,1,235,1191,2,0
4,1,236,817,2,0
4,1,254,750,2,0
4,1,259,1734,2,0
4,1,266,708,2,0
4,1,272,382,-1,1
4,1,283,339,2,0
4,1,284,656,2,0
4,1,299,1272,2,0
4,1,306,1160,2,0
4,1,316,1272,2,0
4,1,319,1271,2,0
4,1,324,2013,2,0
4,1,327,1765,2,0
4,1,347,1236,2,0
4,1,351,302,2,0
4,1,352,1191,-1,1
4,1,382,1258,2,0
4,1,392,1857,2,0
4,1,402,1475,2,0
4,1,422,1575,2,1
4,1,428,1600,2,0
4,1,431,806,2,0
4,1,439,1205,-1,1
4,1,458,1013,2,0
4,1,463,214,-1,1
4,1,470,239,2,0
4,1,472,1483,2,0
4,1,481,826,2,0
4,1,517,759,2,0
4,1,523,877,2,0
4,1,534,69,-1,1
4,1,595,532,2,0
4,1,605,1088,2,0
4,1,639,420,2,0
4,1,649,549,-1,1
4,1,679,1227,-1,1
4,1,690,1179,2,0
4,1,743,667,2,0
4,1,775,1008,2,0
4,1,850,945,-1,1
4,1,864,821,-1,1
4,1,912,172,2,0
4,1,92,1484,2,0
4,1,942,664,2,0
4,1,966,334,-1,1
4,1,994,499,2,0
4,2,1006,2011,2,0
4,2,1030,1637,-1,1
4,2,1051,1593,2,0
4,2,1079,1884,-1,1
4,2,1101,296,2,0
4,2,1110,1690,2,0
4,2,1110,809,-1,1
4,2,1111,806,-1,1
4,2,1115,669,2,0
4,2,1116,1883,2,0
4,2,1118,1769,2,0
4,2,1122,1975,-1,1
4,2,1127,1930,2,0
4,2,1133,1987,2,0
4,2,1139,824,2,0
4,2,1140,1984,2,0
4,2,1140,645,2,0
4,2,1145,466,-1,1
4,2,1150,1866,2,0
4,2,1153,1939,2,0
4,2,1168,948,-1,1
4,2,1174,1861,2,0
4,2,1177,1842,2,0
4,2,1179,1532,2,0
4,2,1180,1916,2,0
4,2,1183,1980,-1,1
4,2,1189,1985,2,0
4,2,119,1335,2,0
4,2,1194,1895,2,0
4,2,1209,1942,2,0
4,2,1212,752,2,0
4,2,1213,1373,2,0
4,2,1216,1854,2,0
4,2,1217,272,-1,1
4,2,1225,1997,2,1
4,2,1226,1911,2,0
4,2,1232,1963,2,0
4,2,1236,2000,2,0
4,2,1261,1374,2,0
4,2,1270,610,-1,1
4,2,1272,798,-1,1
4,2,1279,662,-1,1
4,2,1286,1077,2,0
4,2,1295,927,-1,1
4,2,1296,1164,2,0
4,2,1296,1166,2,0
4,2,1299,1850,2,0
4,2,1306,1724,2,0
4,2,1313,417,2,0
4,2,132,1496,-1,1
4,2,1325,1622,2,0
4,2,1325,2003,2,0
4,2,1335,1997,-1,1
4,2,1342,1967,2,0
4,2,1345,655,-1,1
4,2,1345,91,-1,1
4,2,1347,988,2,0
4,2,1347,989,2,0
4,2,1364,1907,2,0
4,2,1389,548,2,0
4,2,1396,853,2,0
4,2,1404,2023,2,0
4,2,1413,1634,-1,1
4,2,1422,1645,2,0
4,2,1430,1161,2,0
4,2,1447,559,-1,1
4,2,145,935,-1,1
4,2,1462,1255,2,0
4,2,1482,1892,2,0
4,2,1493,1064,2,0
4,2,1511,1058,2,0
4,2,1514,1234,2,0
4,2,1526,1233,2,0
4,2,1526,1767,-1,1
4,2,1547,1564,2,0
4,2,1556,985,2,0
4,2,162,941,2,0
4,2,1662,843,2,0
4,2,1670,67,2,0
4,2,1677,245,2,1
4,2,1683,806,2,0
4,2,1712,635,2,0
4,2,1718,803,2,0
4,2,1735,270,-1,1
4,2,1754,374,-1,1
4,2,1759,639,2,0
4,2,1763,1700,-1,1
4,2,1764,1584,-1,1
4,2,1764,853,2,1
4,2,1768,1931,2,0
4,2,1821,1927,2,0
4,2,1821,887,2,0
4,2,1822,835,-1,1
4,2,1837,236,-1,1
4,2,1839,1956,2,0
4,2,1851,1382,-1,1
4,2,1873,856,-1,1
4,2,1874,1376,2,0
4,2,1878,275,-1,1
4,2,1878,733,2,0
4,2,1889,1411,2,0
4,2,189,1652,2,0
4,2,189,1682,2,0
4,2,1893,1001,2,0
4,2,1896,1803,-1,1
4,2,1901,1396,2,0
4,2,1901,1667,2,0
4,2,1908,1235,2,0
4,2,1908,855,2,0
4,2,1921,1825,-1,1
4,2,1935,1293,2,0
4,2,1951,116,2,0
4,2,1965,1453,2,0
4,2,1971,1210,2,0
4,2,1974,884,2,0
4,2,1981,1272,2,0
4,2,1986,1326,2,0
4,2,2004,427,2,0
4,2,2026,1976,2,0
4,2,2042,986,2,0
4,2,2043,1250,2,0
4,2,2048,1257,-1,1
4,2,2062,1565,2,0
4,2,219,1589,2,0
4,2,219,1667,2,0
4,2,227,1471,2,0
4,2,251,1452,2,0
4,2,260,1627,-1,1
4,2,292,1585,-1,1
4,2,296,1592,2,0
4,2,301,1540,2,0
4,2,308,1575,-1,1
4,2,314,364,2,0
4,2,315,1423,2,0
4,2,315,1527,-1,1
4,2,323,433,-1,1
4,2,358,1434,2,0
4,2,384,1989,-1,1
4,2,389,1959,2,0
4,2,391,1474,2,0
4,2,411,1665,2,0
4,2,417,1843,2,0
4,2,423,1767,2,0
4,2,430,1623,2,0
4,2,452,1401,2,0
4,2,454,1136,2,0
4,2,457,1855,2,0
4,2,465,1994,2,0
4,2,465,79,2,0
4,2,467,1235,-1,1
4,2,478,1216,2,0
4,2,478,1502,2,0
4,2,492,1229,2,0
4,2,507,1749,2,0
4,2,522,1480,2,0
4,2,539,1822,2,0
4,2,553,357,-1,1
4,2,569,1842,-1,1
4,2,569,238,2,0
4,2,576,1346,2,0
4,2,584,1627,2,0
4,2,591,1746,2,0
4,2,606,1224,2,0
4,2,607,1174,2,0
4,2,609,1339,-1,1
4,2,614,1801,2,0
4,2,614,1844,2,0
4,2,615,1663,2,0
4,2,618,1840,2,0
4,2,619,497,2,0
4,2,622,1497,2,0
4,2,634,1771,2,0
4,2,637,972,2,0
4,2,639,972,2,0
4,2,641,1488,2,0
4,2,653,1448,2,0
4,2,655,647,-1,1
4,2,656,281,2,0
4,2,661,1521,2,0
4,2,667,992,2,0
4,2,675,1697,-1,1
4,2,693,1820,2,0
4,2,695,1879,2,0
4,2,701,1508,2,0
4,2,703,991,2,0
4,2,708,1841,2,0
4,2,712,1980,-1,1
4,2,717,1965,2,0
4,2,730,2015,2,0
4,2,733,1823,2,0
4,2,734,662,-1,1
4,2,735,1536,2,0
4,2,736,1996,2,0
4,2,737,1847,2,0
4,2,738,1869,2,0
4,2,741,1881,2,0
4,2,742,952,2,0
4,2,750,1839,2,0
4,2,758,1756,2,0
4,2,760,1859,2,0
4,2,765,1884,2,0
4,2,769,1885,2,0
4,2,774,1984,-1,1
4,2,775,1796,2,0
4,2,776,2001,2,0
4,2,787,1040,-1,1
4,2,793,1803,2,0
4,2,817,1028,2,0
4,2,820,1349,2,0
4,2,823,1715,2,0
4,2,830,1643,2,0
4,2,830,1897,2,0
4,2,839,1963,2,0
4,2,859,1537,2,0
4,2,862,1761,2,0
4,2,864,986,-1,1
4,2,867,1019,2,0
4,2,868,1799,2,0
4,2,874,1838,2,0
4,2,884,905,-1,1
4,2,890,964,2,0
4,2,898,1898,2,0
4,2,902,1523,2,0
4,2,905,876,-1,1
4,2,916,1953,2,0
4,2,946,1956,2,0
4,2,947,1619,2,0
4,2,963,1805,-1,1
4,2,967,1839,-1,1
4,2,976,1940,-1,1
4,3,1032,408,2,0
4,3,104,886,2,0
4,3,106,1243,2,0
4,3,1086,386,2,0
4,3,1097,1966,-1,1
4,3,110,826,2,0
4,3,1103,1647,2,0
4,3,1109,1610,-1,1
4,3,1127,1807,2,0
4,3,113,1843,2,0
4,3,1135,1466,2,0
4,3,1138,1726,2,0
4,3,1144,1856,2,0
4,3,1151,1478,-1,1
4,3,1151,173,2,0
4,3,1159,210,2,0
4,3,1163,1801,-1,1
4,3,1164,1717,2,0
4,3,1168,1704,2,0
4,3,1174,805,2,0
4,3,1177,1755,2,0
4,3,119,1153,2,0
4,3,1198,1692,2,0
4,3,1202,1485,2,0
4,3,1204,1778,2,0
4,3,1204,205,-1,1
4,3,1207,1902,2,0
4,3,1209,1968,2,0
4,3,1210,370,-1,1
4,3,1217,1524,2,0
4,3,1218,177,-1,1
4,3,1219,1960,2,0
4,3,1219,2039,-1,1
4,3,1227,1870,2,0
4,3,1236,730,2,0
4,3,1241,1487,-1,1
4,3,1244,1509,2,0
4,3,1260,2001,2,0
4,3,1264,1420,2,0
4,3,1268,1515,2,0
4,3,1274,1701,-1,1
4,3,1275,1880,2,0
4,3,1283,1836,2,0
4,3,1285,1898,2,0
4,3,1292,1763,-1,1
4,3,1295,150,-1,1
4,3,1298,1127,2,0
4,3,1303,661,2,0
4,3,1305,2032,2,0
4,3,131,1344,2,0
4,3,1312,1603,2,0
4,3,1316,1507,-1,1
4,3,1319,1851,2,0
4,3,1323,1873,2,0
4,3,1332,1373,2,0
4,3,1335,1995,2,0
4,3,1342,1851,-1,1
4,3,1347,1969,-1,1
4,3,1354,1698,2,0
4,3,1356,1688,2,0
4,3,1366,2000,2,0
4,3,1367,1074,2,0
4,3,1373,1897,2,0
4,3,1373,1900,2,1
4,3,1378,1066,2,0
4,3,1381,101,-1,1
4,3,1382,319,2,0
4,3,1386,351,-1,1
4,3,1386,353,-1,1
4,3,141,1141,-1,1
4,3,141,1275,-1,1
4,3,1423,1581,2,0
4,3,1432,1942,-1,1
4,3,1442,1798,2,0
4,3,1456,1078,2,0
4,3,1459,1266,-1,1
4,3,1468,1650,2,0
4,3,1488,1896,-1,1
4,3,1496,1947,-1,1
4,3,150,709,2,0
4,3,1527,1567,2,0
4,3,1531,1988,-1,1
4,3,1547,172,2,0
4,3,1548,2002,2,0
4,3,1558,1980,-1,1
4,3,1575,1466,2,0
4,3,1595,1290,2,0
4,3,1623,1904,-1,1
4,3,1629,1707,2,0
4,3,1650,1983,2,0
4,3,1651,120,2,0
4,3,166,1271,2,0
4,3,1662,1146,-1,1
4,3,1666,1165,-1,1
4,3,1667,1865,2,0
4,3,1686,586,-1,1
4,3,169,863,2,0
4,3,1692,568,2,0
4,3,1703,2031,2,0
4,3,1705,1120,2,0
4,3,1705,286,-1,1
4,3,171,1255,2,0
4,3,172,1035,2,0
4,3,1731,897,-1,1
4,3,1734,583,-1,1
4,3,1739,1722,2,0
4,3,176,1076,-1,1
4,3,1798,1988,2,0
4,3,1799,270,-1,1
4,3,1833,665,-1,1
4,3,1903,336,2,0
4,3,1913,965,-1,1
4,3,1946,744,-1,1
4,3,195,1063,2,0
4,3,1971,584,-1,1
4,3,201,1465,2,0
4,3,206,1432,2,0
4,3,2063,147,2,0
4,3,231,1100,2,0
4,3,239,1088,2,0
4,3,240,1090,2,0
4,3,246,1460,2,0
4,3,249,1895,2,0
4,3,260,782,2,0
4,3,274,859,2,0
4,3,282,1459,2,0
4,3,283,1028,2,0
4,3,285,696,2,0
4,3,287,1385,2,0
4,3,311,968,-1,1
4,3,317,1612,2,0
4,3,328,1348,2,0
4,3,330,1110,-1,1
4,3,340,695,-1,1
4,3,356,1099,2,0
4,3,367,908,-1,1
4,3,368,1408,-1,1
4,3,380,1871,2,0
4,3,388,1403,-1,1
4,3,389,759,-1,1
4,3,401,624,2,0
4,3,402,1463,-1,1
4,3,414,1428,-1,1
4,3,461,644,-1,1
4,3,477,1725,2,0
4,3,480,1122,-1,1
4,3,495,699,2,0
4,3,496,701,2,0
4,3,503,661,2,1
4,3,528,1924,-1,1
4,3,529,670,2,0
4,3,559,673,2,0
4,3,569,1809,-1,1
4,3,570,1900,2,0
4,3,580,1108,-1,1
4,3,599,1094,2,0
4,3,603,877,-1,1
4,3,608,1921,2,0
4,3,613,627,-1,1
4,3,619,635,-1,1
4,3,620,322,2,0
4,3,622,655,-1,1
4,3,631,1126,-1,1
4,3,640,593,2,0
4,3,661,676,-1,1
4,3,662,431,2,0
4,3,664,562,-1,1
4,3,669,598,-1,1
4,3,672,438,-1,1
4,3,685,1267,-1,1
4,3,687,554,-1,1
4,3,69,987,-1,1
4,3,693,653,-1,1
4,3,697,305,2,0
4,3,699,1974,2,0
4,3,70,1156,2,0
4,3,701,1913,2,0
4,3,701,606,-1,1
4,3,708,1022,-1,1
4,3,710,608,-1,1
4,3,712,629,-1,1
4,3,721,1632,2,0
4,3,726,1207,2,0
4,3,727,1648,2,0
4,3,737,625,-1,1
4,3,752,387,-1,1
4,3,759,1644,2,0
4,3,766,628,2,0
4,3,766,943,2,0
4,3,769,467,2,0
4,3,777,1667,-1,1
4,3,784,759,2,0
4,3,793,2016,2,0
4,3,804,1594,-1,1
4,3,808,1803,2,0
4,3,836,1741,2,0
4,3,842,1362,2,0
4,3,844,558,-1,1
4,3,851,1820,2,0
4,3,856,571,-1,1
4,3,858,509,2,0
4,3,877,946,2,0
4,3,88,1450,2,0
4,3,882,183,-1,1
4,3,885,192,2,0
4,3,887,529,-1,1
4,3,889,551,-1,1
4,3,92,1459,2,0
4,3,922,467,2,0
4,3,925,1383,2,0
4,3,93,902,1,0
4,3,94,1458,2,0
4,3,942,1887,2,0
4,3,944,530,-1,1
4,3,95,1272,2,0
4,3,962,1669,2,0
4,3,964,923,-1,1
4,3,969,632,-1,1
4,3,97,1272,2,0
4,3,977,1183,-1,1
4,3,977,1230,-1,1
4,3,977,1251,-1,1
4,3,977,1355,-1,1
4,3,977,1440,-1,1
4,3,977,1930,-1,1
4,3,978,1219,-1,1
4,3,978,1366,-1,1
4,3,978,1414,-1,1
4,3,978,196,-1,1
4,3,984,1795,2,0
4,3,99,1007,2,0
4,3,993,611,2,0
4,3,994,1832,-1,1
4,3,995,294,2,0
4,4,1002,496,-1,1
4,4,1016,65,2,0
4,4,1085,913,-1,1
4,4,1108,359,2,0
4,4,113,183,-1,1
4,4,1148,350,2,0
4,4,1170,421,2,0
4,4,1183,167,2,0
4,4,1192,145,2,0
4,4,1195,175,2,0
4,4,1206,420,2,0
4,4,1234,231,2,0
4,4,1236,461,2,0
4,4,1238,461,2,0
4,4,1248,214,2,0
4,4,1249,85,2,0
4,4,1256,463,2,0
4,4,1258,199,-1,1
4,4,1266,263,2,0
4,4,1268,262,2,0
4,4,127,227,-1,1
4,4,1270,263,2,0
4,4,1288,124,2,0
4,4,1323,306,2,0
4,4,1325,244,2,0
4,4,1327,307,2,0
4,4,1333,604,2,0
4,4,1346,1083,2,0
4,4,1362,312,2,0
4,4,1363,559,2,0
4,4,1380,225,2,0
4,4,1390,154,2,0
4,4,1399,310,2,0
4,4,140,438,-1,1
4,4,1401,311,2,0
4,4,1424,920,2,0
4,4,143,112,-1,1
4,4,1464,190,2,0
4,4,1515,280,2,0
4,4,153,143,-1,1
4,4,1532,959,2,0
4,4,1534,1104,2,0
4,4,1549,1301,-1,1
4,4,1557,611,2,0
4,4,1576,836,2,0
4,4,158,107,0,0
4,4,163,193,-1,1
4,4,163,95,-1,1
4,4,1631,69,-1,1
4,4,1647,893,-1,1
4,4,1647,895,2,0
4,4,1651,482,2,0
4,4,1653,1281,2,0
4,4,1653,64,-1,1
4,4,166,140,1,0
4,4,1669,194,-1,1
4,4,168,334,-1,1
4,4,168,337,-1,1
4,4,169,117,0,0
4,4,1690,648,2,0
4,4,1696,1210,2,0
4,4,1702,798,2,0
4,4,1708,1044,-1,1
4,4,171,101,-1,1
4,4,1716,210,2,0
4,4,1718,1158,2,0
4,4,172,150,-1,1
4,4,172,154,-1,1
4,4,1722,1035,2,0
4,4,1724,1391,2,0
4,4,1727,1277,2,0
4,4,1731,283,2,0
4,4,1732,285,2,0
4,4,174,134,-1,1
4,4,1743,1026,2,0
4,4,175,337,-1,1
4,4,1766,233,2,0
4,4,177,196,-1,1
4,4,1775,740,2,0
4,4,1778,448,-1,1
4,4,1789,253,2,0
4,4,179,100,-1,1
4,4,1811,978,2,0
4,4,1814,332,2,0
4,4,182,701,-1,1
4,4,1822,999,2,0
4,4,1823,944,2,0
4,4,183,223,-1,1
4,4,1835,892,2,0
4,4,1839,308,2,0
4,4,184,112,-1,1
4,4,184,423,-1,1
4,4,1840,336,2,0
4,4,1855,177,2,0
4,4,186,234,0,0
4,4,1860,184,2,0
4,4,1869,627,-1,1
4,4,1870,1334,2,0
4,4,1873,1332,2,0
4,4,1875,938,2,0
4,4,1876,1002,2,0
4,4,1876,321,2,0
4,4,1888,1496,2,0
4,4,189,94,-1,1
4,4,1899,81,2,0
4,4,1904,1466,-1,1
4,4,1908,66,2,0
4,4,1916,289,2,0
4,4,1926,838,-1,1
4,4,1928,86,2,0
4,4,193,272,-1,1
4,4,1939,925,2,0
4,4,1941,277,2,0
4,4,1947,107,2,0
4,4,1949,274,2,0
4,4,195,214,0,0
4,4,1954,1460,2,0
4,4,1958,1605,2,0
4,4,1960,757,2,0
4,4,1970,123,2,0
4,4,1977,428,2,0
4,4,199,95,-1,1
4,4,1993,875,-1,1
4,4,2015,1392,2,0
4,4,202,206,1,0
4,4,202,440,-1,1
4,4,202,444,-1,1
4,4,2032,1193,-1,1
4,4,2033,1898,-1,1
4,4,2037,1728,2,0
4,4,2037,470,-1,1
4,4,2037,884,2,0
4,4,205,120,-1,1
4,4,205,229,1,0
4,4,205,236,0,0
4,4,2059,205,-1,1
4,4,206,86,-1,1
4,4,2063,696,-1,1
4,4,2077,1355,2,0
4,4,208,97,-1,1
4,4,2082,1094,-1,1
4,4,209,113,-1,1
4,4,213,124,-1,1
4,4,214,81,-1,1
4,4,215,101,-1,1
4,4,225,121,-1,1
4,4,225,215,1,0
4,4,226,219,0,0
4,4,272,321,-1,1
4,4,282,144,1,0
4,4,286,205,1,0
4,4,335,404,-1,1
4,4,346,470,-1,1
4,4,346,474,0,0
4,4,349,407,-1,1
4,4,350,269,-1,1
4,4,350,287,0,0
4,4,350,368,-1,1
4,4,350,372,-1,1
4,4,351,283,1,0
4,4,355,251,1,0
4,4,359,275,0,0
4,4,361,251,1,0
4,4,375,130,0,0
4,4,375,144,-1,1
4,4,375,148,0,0
4,4,379,120,-1,1
4,4,388,133,-1,1
4,4,388,144,1,0
4,4,388,148,0,0
4,4,397,103,-1,1
4,4,403,59,-1,1
4,4,406,147,1,0
4,4,406,151,0,0
4,4,410,116,-1,1
4,4,414,532,-1,1
4,4,415,594,-1,1
4,4,423,616,2,0
4,4,431,99,-1,1
4,4,435,78,-1,1
4,4,439,180,-1,1
4,4,439,799,2,0
4,4,442,753,2,0
4,4,444,144,-1,1
4,4,444,305,-1,1
4,4,445,95,-1,1
4,4,446,201,-1,1
4,4,447,194,-1,1
4,4,447,73,-1,1
4,4,454,199,-1,1
4,4,456,129,1,0
4,4,456,133,-1,1
4,4,458,184,-1,1
4,4,458,78,-1,1
4,4,467,372,0,0
4,4,468,401,-1,1
4,4,472,102,-1,1
4,4,475,381,-1,1
4,4,475,385,-1,1
4,4,475,391,-1,1
4,4,487,335,0,0
4,4,492,105,-1,1
4,4,501,80,-1,1
4,4,552,162,2,0
4,4,579,437,-1,1
4,4,589,793,2,0
4,4,596,496,-1,1
4,4,609,465,2,0
4,4,610,464,2,0
4,4,664,423,2,0
4,4,669,503,-1,1
4,4,673,458,2,0
4,4,705,52,2,0
4,4,737,543,-1,1
4,4,756,73,-1,1
4,4,803,801,2,0
4,4,817,133,2,0
4,4,859,181,-1,1
4,4,868,246,-1,1
4,4,880,847,-1,1
4,4,883,124,2,0
4,4,899,312,-1,1
4,4,917,858,-1,1
4,4,919,17,2,0
4,4,926,729,2,0
4,4,941,404,-1,1
4,4,948,322,-1,1
4,4,971,245,2,0
4,4,98,122,-1,1
