1 1 1003 722
1 1 1014 749
1 1 1021 1378
1 1 1030 1707
1 1 1039 668
1 1 1042 198
1 1 1047 716
1 1 105 1014
1 1 1053 1793
1 1 1055 836
1 1 1076 1797
1 1 1081 306
1 1 1103 191
1 1 111 507
1 1 115 1039
1 1 1155 1119
1 1 1166 2019
1 1 1171 1120
1 1 1180 1975
1 1 1186 1005
1 1 1188 1894
1 1 1189 1110
1 1 1190 1499
1 1 1193 1117
1 1 1198 1180
1 1 1200 341
1 1 1212 1174
1 1 1228 243
1 1 125 888
1 1 1251 1713
1 1 1251 216
1 1 1256 1132
1 1 1277 596
1 1 1297 723
1 1 1299 1923
1 1 1306 1716
1 1 1313 1111
1 1 1316 1968
1 1 1329 1846
1 1 133 1401
1 1 1362 172
1 1 1369 1316
1 1 1388 831
1 1 1398 1215
1 1 1427 1191
1 1 1436 1861
1 1 1438 1253
1 1 1443 1069
1 1 1443 2016
1 1 1454 931
1 1 1457 1005
1 1 1459 1814
1 1 1468 1646
1 1 1470 1719
1 1 1472 1071
1 1 1478 1739
1 1 1497 1279
1 1 1520 1235
1 1 1524 1186
1 1 1524 1189
1 1 1530 2000
1 1 1531 1844
1 1 1534 1262
1 1 1542 637
1 1 1544 1278
1 1 1550 324
1 1 1552 901
1 1 1553 824
1 1 1561 1730
1 1 1565 1773
1 1 157 934
1 1 157 936
1 1 1582 712
1 1 1643 344
1 1 1660 631
1 1 1665 1209
1 1 1677 1841
1 1 1679 1149
1 1 168 1032
1 1 1690 1575
1 1 172 1899
1 1 1725 1447
1 1 1728 1269
1 1 1728 1834
1 1 1737 1712
1 1 175 1127
1 1 1765 1887
1 1 1780 1679
1 1 1786 1865
1 1 1793 1099
1 1 180 879
1 1 180 953
1 1 180 955
1 1 1803 1824
1 1 1805 1259
1 1 1807 139
1 1 181 878
1 1 1812 1809
1 1 1813 922
1 1 1820 1859
1 1 1836 1639
1 1 1836 1642
1 1 1837 484
1 1 1850 1817
1 1 1853 1925
1 1 1884 1456
1 1 1927 600
1 1 1934 1213
1 1 1941 1758
1 1 1959 908
1 1 1978 1844
1 1 1981 1481
1 1 2001 621
1 1 2003 1739
1 1 202 916
1 1 2038 1914
1 1 2043 1808
1 1 211 958
1 1 223 931
1 1 223 947
1 1 236 1022
1 1 245 1285
1 1 245 905
1 1 252 789
1 1 262 1393
1 1 264 1708
1 1 285 1277
1 1 293 774
1 1 300 1204
1 1 303 141
1 1 310 1626
1 1 311 1233
1 1 313 80
1 1 315 1163
1 1 324 1251
1 1 324 966
1 1 325 1253
1 1 330 773
1 1 335 991
1 1 342 921
1 1 350 1277
1 1 351 2001
1 1 355 790
1 1 358 1236
1 1 363 1160
1 1 363 1184
1 1 364 1158
1 1 377 953
1 1 378 1106
1 1 395 756
1 1 397 835
1 1 405 545
1 1 415 1185
1 1 421 926
1 1 422 482
1 1 438 1092
1 1 438 685
1 1 453 1507
1 1 463 1060
1 1 467 1077
1 1 468 499
1 1 473 1157
1 1 481 1333
1 1 486 1040
1 1 486 1044
1 1 489 89
1 1 491 617
1 1 495 454
1 1 496 1144
1 1 496 450
1 1 496 819
1 1 496 823
1 1 501 1228
1 1 506 1646
1 1 527 1215
1 1 539 1953
1 1 564 810
1 1 567 1227
1 1 570 464
1 1 570 466
1 1 575 583
1 1 575 882
1 1 589 1797
1 1 636 1152
1 1 652 435
1 1 653 618
1 1 656 1186
1 1 656 1188
1 1 656 1190
1 1 656 279
1 1 658 654
1 1 667 632
1 1 668 628
1 1 675 809
1 1 677 528
1 1 679 483
1 1 682 624
1 1 683 745
1 1 685 954
1 1 700 742
1 1 700 744
1 1 700 746
1 1 729 1266
1 1 737 1108
1 1 737 864
1 1 752 790
1 1 758 393
1 1 760 257
1 1 771 1114
1 1 777 245
1 1 782 1095
1 1 782 227
1 1 783 1101
1 1 791 1242
1 1 791 35
1 1 821 1190
1 1 839 1782
1 1 842 1076
1 1 862 271
1 1 864 1989
1 1 871 755
1 1 898 1188
1 1 901 1184
1 1 908 1961
1 1 908 785
1 1 912 1073
1 1 914 1074
1 1 922 1676
1 1 923 353
1 1 93 1923
1 1 942 543
1 1 951 399
1 1 952 1002
1 1 967 1958
1 1 97 826
1 1 972 557
1 1 974 525
1 1 98 1386
1 1 995 582
1 1 996 576
1 1 996 709
1 2 1026 160
1 2 1045 419
1 2 1055 820
1 2 1060 740
1 2 1061 559
1 2 1062 557
1 2 1099 1327
1 2 1101 796
1 2 1109 573
1 2 1116 849
1 2 1118 599
1 2 1143 1392
1 2 1150 572
1 2 1168 1371
1 2 1189 86
1 2 1197 645
1 2 1200 862
1 2 1215 1707
1 2 1232 1981
1 2 1240 1946
1 2 125 766
1 2 1270 583
1 2 1272 584
1 2 1275 666
1 2 1284 742
1 2 1287 233
1 2 1288 773
1 2 1297 1957
1 2 1305 1586
1 2 1320 1924
1 2 1327 173
1 2 1354 372
1 2 136 1800
1 2 1369 761
1 2 1408 287
1 2 1417 770
1 2 1420 1028
1 2 1420 804
1 2 1422 583
1 2 1430 794
1 2 1430 796
1 2 1446 815
1 2 1459 643
1 2 1460 198
1 2 1460 645
1 2 1460 647
1 2 1467 571
1 2 1472 945
1 2 1480 2017
1 2 1480 885
1 2 1482 728
1 2 1486 953
1 2 1491 261
1 2 1497 763
1 2 1503 301
1 2 1504 672
1 2 1520 648
1 2 1525 1005
1 2 1529 68
1 2 1534 1983
1 2 1534 1985
1 2 1537 970
1 2 1542 609
1 2 1545 1875
1 2 1546 2013
1 2 1548 963
1 2 1555 567
1 2 1556 1193
1 2 1562 1027
1 2 1566 1129
1 2 1580 886
1 2 1585 1210
1 2 1596 860
1 2 1605 981
1 2 1606 983
1 2 1615 850
1 2 1621 1219
1 2 164 932
1 2 1651 1100
1 2 1655 648
1 2 1660 1249
1 2 1677 463
1 2 1682 1184
1 2 1688 399
1 2 1694 1292
1 2 1697 1247
1 2 1698 1389
1 2 1699 788
1 2 1705 102
1 2 1706 216
1 2 1712 901
1 2 1716 500
1 2 1731 534
1 2 1733 1189
1 2 1734 1060
1 2 1735 1350
1 2 1751 1020
1 2 1756 1383
1 2 1756 770
1 2 1757 1299
1 2 1758 1297
1 2 176 1841
1 2 1760 1915
1 2 1760 737
1 2 1764 1265
1 2 1768 534
1 2 1774 438
1 2 1776 1376
1 2 1787 1028
1 2 1788 1582
1 2 1791 531
1 2 1793 1221
1 2 1796 1368
1 2 1800 672
1 2 1801 458
1 2 1806 1331
1 2 1813 1065
1 2 1814 1361
1 2 1819 528
1 2 1832 1420
1 2 1840 1243
1 2 1840 515
1 2 1842 290
1 2 1843 908
1 2 1848 740
1 2 1850 1236
1 2 1859 1395
1 2 1860 1301
1 2 1874 558
1 2 1878 601
1 2 1878 603
1 2 1885 1249
1 2 1886 962
1 2 1887 783
1 2 1888 1151
1 2 1891 1333
1 2 1902 1272
1 2 1904 991
1 2 1909 1788
1 2 1911 1218
1 2 1911 631
1 2 1916 1089
1 2 1920 374
1 2 1927 1156
1 2 1933 1408
1 2 1935 1571
1 2 1937 1633
1 2 1938 1690
1 2 1942 1776
1 2 1942 374
1 2 1943 1171
1 2 1944 554
1 2 1945 46
1 2 1948 1386
1 2 1949 889
1 2 1950 1007
1 2 1950 1068
1 2 1959 803
1 2 1961 238
1 2 1962 215
1 2 1970 1104
1 2 1977 1329
1 2 1985 1992
1 2 1991 1198
1 2 1999 1414
1 2 200 1488
1 2 2004 729
1 2 2007 1294
1 2 2010 1063
1 2 2016 1212
1 2 2016 1213
1 2 2016 728
1 2 2017 312
1 2 2023 559
1 2 2026 775
1 2 2033 1069
1 2 2038 743
1 2 2041 1212
1 2 2041 1214
1 2 2041 1707
1 2 2042 1247
1 2 2052 1776
1 2 2054 1391
1 2 2080 1059
1 2 259 1313
1 2 271 1761
1 2 278 1709
1 2 303 721
1 2 309 1818
1 2 338 39
1 2 339 309
1 2 347 1239
1 2 347 685
1 2 395 1884
1 2 396 1651
1 2 408 1728
1 2 408 1850
1 2 413 1931
1 2 429 1969
1 2 451 1800
1 2 457 1968
1 2 458 1956
1 2 465 1310
1 2 466 1313
1 2 475 1697
1 2 503 1959
1 2 533 1803
1 2 544 1843
1 2 559 1832
1 2 584 1878
1 2 613 1823
1 2 621 1809
1 2 624 1879
1 2 639 1894
1 2 645 1620
1 2 650 1669
1 2 651 1989
1 2 657 1866
1 2 658 1947
1 2 663 1669
1 2 708 1868
1 2 748 384
1 2 760 539
1 2 768 404
1 2 778 1827
1 2 782 1954
1 2 821 1793
1 2 825 1879
1 2 843 1863
1 2 846 653
1 2 854 994
1 2 856 1181
1 2 874 469
1 2 877 1822
1 2 910 1209
1 2 928 1889
1 2 936 1848
1 2 936 939
1 2 940 1825
1 2 942 1837
1 2 958 1782
1 2 97 1881
1 2 983 945
1 2 988 1630
1 3 1012 1101
1 3 1022 1503
1 3 1022 783
1 3 1023 1505
1 3 1029 49
1 3 1030 901
1 3 1030 903
1 3 1038 1253
1 3 1068 1928
1 3 1076 868
1 3 1096 1883
1 3 1098 1743
1 3 1099 1998
1 3 1099 398
1 3 1103 1870
1 3 1110 1857
1 3 1111 1179
1 3 1131 1748
1 3 1134 717
1 3 1146 1591
1 3 1148 1844
1 3 1148 1994
1 3 1150 1892
1 3 1158 1923
1 3 1190 790
1 3 1192 668
1 3 1197 1849
1 3 1199 1782
1 3 1216 1216
1 3 1219 1697
1 3 1219 1700
1 3 1223 1916
1 3 1236 936
1 3 1236 939
1 3 1248 1923
1 3 1264 1553
1 3 1274 1116
1 3 1279 340
1 3 1282 1970
1 3 1284 1684
1 3 1284 1931
1 3 1285 1029
1 3 1285 1739
1 3 1285 1839
1 3 1292 1098
1 3 1292 2002
1 3 1297 812
1 3 1307 1859
1 3 1308 587
1 3 1309 933
1 3 1310 898
1 3 1316 1510
1 3 1323 923
1 3 1331 1835
1 3 1336 959
1 3 1341 1874
1 3 1342 1693
1 3 1352 1847
1 3 137 626
1 3 1370 922
1 3 1385 1824
1 3 1386 576
1 3 1387 1008
1 3 1398 706
1 3 1410 965
1 3 1423 853
1 3 1433 423
1 3 1434 288
1 3 144 714
1 3 1460 1014
1 3 1465 862
1 3 1476 367
1 3 148 468
1 3 149 1206
1 3 1496 1481
1 3 1497 745
1 3 1497 747
1 3 1513 1769
1 3 1515 1983
1 3 1521 820
1 3 1529 1148
1 3 1552 73
1 3 158 1304
1 3 1585 756
1 3 1601 1944
1 3 1602 1974
1 3 1605 1141
1 3 1627 1435
1 3 164 1133
1 3 164 1135
1 3 1644 1887
1 3 1650 452
1 3 1658 694
1 3 166 294
1 3 1674 1840
1 3 1680 511
1 3 1681 422
1 3 1702 401
1 3 1703 1543
1 3 1706 1624
1 3 1706 1627
1 3 171 344
1 3 1712 504
1 3 1716 747
1 3 1788 1473
1 3 1788 1475
1 3 1797 1858
1 3 1799 1961
1 3 1822 1819
1 3 1836 424
1 3 1895 1730
1 3 1914 1866
1 3 1924 1775
1 3 1932 1969
1 3 194 539
1 3 1944 1945
1 3 1948 1841
1 3 1959 1177
1 3 1964 1900
1 3 1976 1922
1 3 1984 1468
1 3 1984 1762
1 3 199 779
1 3 1990 1971
1 3 1990 1973
1 3 2000 1992
1 3 2013 82
1 3 2020 1020
1 3 2031 651
1 3 2045 992
1 3 2055 174
1 3 2059 1948
1 3 2068 578
1 3 207 325
1 3 211 1075
1 3 215 430
1 3 218 578
1 3 219 1722
1 3 220 1725
1 3 222 567
1 3 235 712
1 3 244 406
1 3 254 851
1 3 255 1098
1 3 258 339
1 3 267 1430
1 3 271 1818
1 3 273 1284
1 3 279 353
1 3 284 834
1 3 297 1135
1 3 299 684
1 3 308 1027
1 3 308 1029
1 3 327 462
1 3 328 460
1 3 328 898
1 3 339 1507
1 3 346 586
1 3 353 173
1 3 362 849
1 3 369 899
1 3 371 1159
1 3 374 451
1 3 375 1095
1 3 377 1089
1 3 382 630
1 3 385 1182
1 3 396 1195
1 3 403 1443
1 3 404 1445
1 3 408 1025
1 3 412 1049
1 3 424 793
1 3 425 1121
1 3 425 139
1 3 425 788
1 3 425 790
1 3 428 887
1 3 430 617
1 3 438 1392
1 3 439 1010
1 3 443 1182
1 3 444 779
1 3 445 854
1 3 454 1048
1 3 466 876
1 3 467 1151
1 3 467 1153
1 3 479 802
1 3 481 613
1 3 485 311
1 3 487 1296
1 3 496 1151
1 3 499 1357
1 3 499 1372
1 3 499 1378
1 3 504 1222
1 3 507 1265
1 3 511 1349
1 3 514 1161
1 3 523 1699
1 3 524 1077
1 3 535 1192
1 3 541 1145
1 3 542 392
1 3 543 348
1 3 558 449
1 3 561 1651
1 3 562 350
1 3 566 998
1 3 569 332
1 3 583 1573
1 3 586 1799
1 3 588 1400
1 3 600 1100
1 3 605 938
1 3 608 460
1 3 635 1094
1 3 651 744
1 3 652 556
1 3 676 1194
1 3 681 783
1 3 693 1157
1 3 693 1163
1 3 702 1423
1 3 711 976
1 3 717 1547
1 3 730 1468
1 3 732 938
1 3 734 637
1 3 737 966
1 3 737 968
1 3 737 970
1 3 739 785
1 3 746 728
1 3 756 948
1 3 762 694
1 3 765 1503
1 3 766 321
1 3 772 981
1 3 790 1918
1 3 794 1769
1 3 794 1771
1 3 797 1919
1 3 798 1650
1 3 802 946
1 3 803 608
1 3 804 1762
1 3 821 1663
1 3 824 759
1 3 825 1900
1 3 825 36
1 3 826 38
1 3 827 691
1 3 829 606
1 3 833 1927
1 3 838 1704
1 3 839 1160
1 3 841 531
1 3 857 1784
1 3 860 1834
1 3 861 1849
1 3 861 1852
1 3 869 1715
1 3 874 1887
1 3 874 1923
1 3 874 1925
1 3 911 1931
1 3 942 1862
1 3 942 1863
1 3 949 1721
1 3 955 80
1 3 962 1888
1 3 963 539
1 4 1000 858
1 4 1001 1409
1 4 1001 1410
1 4 1011 53
1 4 1015 973
1 4 1018 1074
1 4 1018 1986
1 4 1020 1178
1 4 1021 1252
1 4 1040 1357
1 4 1048 1185
1 4 1048 1187
1 4 1054 1425
1 4 1055 1252
1 4 1060 1386
1 4 1065 562
1 4 1086 1132
1 4 109 1710
1 4 1090 1366
1 4 1090 728
1 4 1095 63
1 4 111 1849
1 4 1138 1831
1 4 1173 778
1 4 1176 535
1 4 1183 411
1 4 1184 610
1 4 1231 802
1 4 1233 1012
1 4 1257 409
1 4 1267 765
1 4 1267 771
1 4 1268 191
1 4 1272 1017
1 4 1281 1738
1 4 129 567
1 4 1292 1146
1 4 1301 685
1 4 1302 974
1 4 1340 1527
1 4 1343 697
1 4 1352 754
1 4 1352 756
1 4 1363 931
1 4 1375 827
1 4 1388 74
1 4 1396 1607
1 4 1398 222
1 4 1400 931
1 4 1409 1369
1 4 142 1039
1 4 1424 1018
1 4 1427 942
1 4 143 1680
1 4 1448 477
1 4 1453 1444
1 4 1461 1025
1 4 1466 1680
1 4 1469 973
1 4 1482 1032
1 4 151 1469
1 4 1518 834
1 4 1535 717
1 4 1536 1852
1 4 1538 235
1 4 1547 1131
1 4 1548 495
1 4 1549 440
1 4 1549 455
1 4 1551 982
1 4 1558 808
1 4 1565 1015
1 4 1566 1018
1 4 1566 437
1 4 158 1688
1 4 1608 1328
1 4 1618 774
1 4 1621 185
1 4 1626 776
1 4 1637 207
1 4 1648 1442
1 4 166 1918
1 4 1675 821
1 4 1676 924
1 4 1682 385
1 4 1690 939
1 4 1725 581
1 4 1748 718
1 4 1752 696
1 4 1752 786
1 4 1762 271
1 4 1769 258
1 4 1777 1023
1 4 1783 1112
1 4 1790 968
1 4 180 196
1 4 180 263
1 4 1800 1033
1 4 1800 674
1 4 1804 592
1 4 1813 691
1 4 1834 990
1 4 1835 766
1 4 1837 105
1 4 1837 956
1 4 184 382
1 4 1855 1849
1 4 1867 260
1 4 1868 1036
1 4 1869 1074
1 4 1876 249
1 4 1889 934
1 4 1896 721
1 4 1898 1223
1 4 1910 888
1 4 1914 1659
1 4 1917 1179
1 4 1919 1444
1 4 1920 1004
1 4 1920 949
1 4 1925 1571
1 4 1926 1665
1 4 1928 997
1 4 1933 1592
1 4 1933 957
1 4 1935 1203
1 4 1939 894
1 4 1948 1208
1 4 195 888
1 4 1951 1125
1 4 1951 1453
1 4 1967 1069
1 4 1974 828
1 4 1997 1024
1 4 2007 1281
1 4 2014 1321
1 4 2030 173
1 4 2031 965
1 4 2032 597
1 4 2033 601
1 4 2035 157
1 4 2037 1162
1 4 2044 732
1 4 2047 589
1 4 205 522
1 4 2056 957
1 4 209 1074
1 4 211 1986
1 4 212 1330
1 4 212 1332
1 4 222 1720
1 4 261 1838
1 4 267 1808
1 4 273 389
1 4 273 392
1 4 292 56
1 4 297 487
1 4 326 1844
1 4 360 1686
1 4 366 1321
1 4 370 1779
1 4 374 1734
1 4 391 1841
1 4 398 1957
1 4 409 1451
1 4 450 502
1 4 465 276
1 4 468 102
1 4 475 966
1 4 506 455
1 4 534 1536
1 4 559 1358
1 4 575 244
1 4 585 1820
1 4 585 638
1 4 588 623
1 4 591 204
1 4 594 569
1 4 600 641
1 4 601 703
1 4 621 591
1 4 622 784
1 4 629 1742
1 4 636 333
1 4 643 1849
1 4 674 499
1 4 680 1094
1 4 688 1002
1 4 691 573
1 4 709 698
1 4 751 696
1 4 761 638
1 4 763 962
1 4 766 306
1 4 777 1835
1 4 790 815
1 4 792 254
1 4 803 977
1 4 808 472
1 4 820 498
1 4 826 370
1 4 833 968
1 4 838 1820
1 4 839 673
1 4 875 1197
1 4 885 1908
1 4 917 952
1 4 917 975
1 4 920 1940
1 4 929 1298
1 4 929 300
1 4 931 788
1 4 936 1438
1 4 942 1877
1 4 948 1159
1 4 950 1023
1 4 950 1419
1 4 952 1983
1 4 975 1175
1 4 977 1408
1 4 977 621
1 4 983 1381
1 4 992 1520
1 4 998 1231
1 4 998 1247
1 4 998 1823
2 1 1279 1806
2 1 390 1327
2 1 880 1802
2 2 1499 1802
2 2 1512 1701
2 2 1588 1529
2 2 1673 141
2 2 1798 1666
2 2 1820 1277
2 2 1959 2024
2 2 1983 1560
2 2 579 1856
2 2 686 1712
2 2 701 1561
2 3 1020 48
2 3 104 211
2 3 1089 1045
2 3 1090 1453
2 3 1144 373
2 3 117 1232
2 3 1258 1262
2 3 129 614
2 3 129 967
2 3 1291 763
2 3 132 884
2 3 134 1806
2 3 1347 257
2 3 1542 285
2 3 1562 471
2 3 1570 332
2 3 1679 926
2 3 172 727
2 3 1739 987
2 3 178 404
2 3 206 164
2 3 216 660
2 3 233 1477
2 3 240 349
2 3 241 746
2 3 249 978
2 3 257 1146
2 3 263 1003
2 3 275 1082
2 3 290 697
2 3 323 966
2 3 325 204
2 3 334 695
2 3 336 725
2 3 357 627
2 3 363 968
2 3 365 507
2 3 382 331
2 3 397 662
2 3 422 593
2 3 439 210
2 3 441 208
2 3 458 691
2 3 473 644
2 3 482 964
2 3 502 1380
2 3 552 965
2 3 562 316
2 3 565 1777
2 3 568 213
2 3 570 362
2 3 571 212
2 3 585 1325
2 3 602 217
2 3 602 335
2 3 604 215
2 3 618 956
2 3 621 1975
2 3 634 130
2 3 635 127
2 3 671 446
2 3 679 995
2 3 697 597
2 3 733 634
2 3 753 1150
2 3 773 167
2 3 805 1397
2 3 824 1116
2 3 843 647
2 3 909 627
2 3 993 126
2 4 1022 491
2 4 1058 1553
2 4 1163 555
2 4 1246 713
2 4 1382 469
2 4 1432 619
2 4 146 644
2 4 147 1266
2 4 1476 261
2 4 1500 278
2 4 1550 1006
2 4 1573 821
2 4 1649 1377
2 4 1660 621
2 4 1679 1440
2 4 1682 544
2 4 1760 760
2 4 1770 940
2 4 1853 353
2 4 1882 1059
2 4 1941 1155
2 4 1968 730
2 4 1985 1453
2 4 2046 921
2 4 2068 276
2 4 260 985
2 4 300 177
2 4 400 1598
2 4 423 1514
2 4 451 1648
2 4 484 717
2 4 577 188
2 4 597 244
2 4 797 1385
2 4 828 69
2 4 898 1887
2 4 906 1371
2 4 916 51
2 4 920 1431
2 4 941 1083
3 1 1024 253
3 1 1126 713
3 1 1589 676
3 2 111 615
3 2 908 647
3 3 1195 1352
3 3 124 1164
3 3 1264 740
3 3 1273 285
3 3 1320 260
3 3 1502 762
3 3 1503 184
3 3 1541 792
3 3 1729 404
3 3 1760 869
3 3 1877 465
3 3 1893 642
3 3 2020 1077
3 3 2032 101
3 3 206 1663
3 3 206 664
3 3 239 719
3 3 258 298
3 3 277 394
3 3 284 297
3 3 285 1690
3 3 290 85
3 3 314 496
3 3 321 443
3 3 347 251
3 3 436 403
3 3 450 382
3 3 453 321
3 3 465 1709
3 3 484 1081
3 3 510 153
3 3 563 1198
3 3 614 146
3 3 625 659
3 3 643 990
3 3 650 380
3 3 656 943
3 3 671 248
3 3 677 1215
3 3 680 86
3 3 688 157
3 3 712 289
3 3 729 158
3 3 754 89
3 3 764 357
3 3 790 977
3 3 793 942
3 3 827 1103
3 3 879 401
3 3 890 345
3 3 902 42
3 3 932 247
3 4 1043 331
3 4 1174 221
3 4 1258 385
3 4 1420 1274
3 4 145 37
3 4 1609 578
3 4 330 450
3 4 385 249
3 4 468 145
3 4 717 222
3 4 758 767
3 4 775 343
3 4 923 207
4 1 1091 619
4 1 1141 1756
4 1 1157 1191
4 1 1354 541
4 1 1380 1509
4 1 1545 642
4 1 1551 742
4 1 1572 1254
4 1 1722 1122
4 1 1869 396
4 1 1876 244
4 1 2043 66
4 1 2049 1333
4 1 256 1993
4 1 306 386
4 1 384 1069
4 1 502 728
4 1 507 1377
4 1 570 1014
4 1 583 883
4 1 657 1969
4 1 689 2016
4 1 693 988
4 1 721 672
4 1 785 1181
4 1 826 1445
4 1 854 306
4 1 942 1047
4 2 1002 899
4 2 1003 902
4 2 1041 391
4 2 110 1662
4 2 1127 1792
4 2 115 301
4 2 1182 1423
4 2 1265 1541
4 2 128 1198
4 2 1296 662
4 2 1307 1899
4 2 1321 2012
4 2 1327 122
4 2 1337 1775
4 2 1399 403
4 2 1450 1141
4 2 1540 283
4 2 1563 210
4 2 1577 1125
4 2 1577 827
4 2 1616 1898
4 2 1630 612
4 2 170 842
4 2 1725 350
4 2 1729 99
4 2 1733 186
4 2 1778 958
4 2 1789 794
4 2 1798 266
4 2 1807 1867
4 2 1809 1530
4 2 1828 708
4 2 1833 893
4 2 1834 890
4 2 1882 960
4 2 1894 609
4 2 1910 379
4 2 1936 891
4 2 1952 1829
4 2 1965 703
4 2 1965 705
4 2 1977 1754
4 2 198 295
4 2 1988 746
4 2 2001 1310
4 2 2010 808
4 2 2011 672
4 2 2033 1441
4 2 2038 673
4 2 2051 1257
4 2 2064 1241
4 2 326 198
4 2 356 356
4 2 392 707
4 2 487 1867
4 2 717 1130
4 2 725 1331
4 2 737 1762
4 2 778 452
4 2 833 874
4 2 856 1000
4 2 862 639
4 2 864 99
4 2 931 986
4 2 962 1011
4 2 967 1477
4 2 986 1104
4 3 1019 617
4 3 122 395
4 3 1265 324
4 3 128 1904
4 3 1368 910
4 3 1480 959
4 3 1545 406
4 3 1555 918
4 3 1568 601
4 3 1653 35
4 3 184 974
4 3 199 1534
4 3 225 87
4 3 253 1125
4 3 254 253
4 3 260 535
4 3 261 231
4 3 279 1305
4 3 281 252
4 3 330 62
4 3 339 1716
4 3 342 619
4 3 378 447
4 3 383 1721
4 3 396 58
4 3 398 478
4 3 428 590
4 3 429 97
4 3 438 861
4 3 463 53
4 3 565 595
4 3 578 1098
4 3 613 319
4 3 648 1395
4 3 649 1007
4 3 675 318
4 3 676 529
4 3 714 263
4 3 723 963
4 3 756 569
4 3 787 612
4 3 820 242
4 3 822 909
4 3 866 348
4 3 874 244
4 3 880 789
4 3 882 173
4 3 930 295
4 3 937 1106
4 3 941 1789
4 3 987 669
4 3 988 1010
4 3 988 765
4 4 1006 209
4 4 1162 300
4 4 1166 625
4 4 1225 524
4 4 1266 612
4 4 1266 89
4 4 1302 1594
4 4 1307 234
4 4 1350 685
4 4 1356 859
4 4 1388 1088
4 4 1397 611
4 4 1430 1895
4 4 1495 1053
4 4 1497 577
4 4 1512 584
4 4 1564 702
4 4 1570 730
4 4 1631 627
4 4 1713 287
4 4 1728 723
4 4 1742 850
4 4 1746 743
4 4 185 553
4 4 1960 757
4 4 2055 551
4 4 572 375
4 4 666 270
4 4 760 237
4 4 872 554
4 4 996 600
1 1 1182 544
1 1 133 1511
1 1 142 999
1 1 1528 1403
1 1 1955 1758
1 1 218 559
1 1 249 486
1 1 281 740
1 1 311 450
1 1 320 601
1 1 423 73
1 1 445 974
1 1 461 557
1 1 486 1077
1 1 517 1096
1 1 540 892
1 1 613 657
1 1 690 1037
1 1 861 649
1 1 863 1417
1 1 983 864
1 2 1351 911
1 2 1358 1562
1 2 1467 1021
1 2 1549 708
1 2 1556 1191
1 2 1598 860
1 2 182 1464
1 2 1959 1362
1 2 2015 543
1 2 207 864
1 2 215 1915
1 2 279 380
1 2 319 633
1 2 545 1730
1 2 696 1328
1 2 726 432
1 3 1082 1144
1 3 1096 671
1 3 1141 1818
1 3 1192 228
1 3 123 721
1 3 1517 441
1 3 1540 480
1 3 1580 329
1 3 1585 1001
1 3 188 46
1 3 233 887
1 3 257 1081
1 3 279 1106
1 3 283 1087
1 3 355 448
1 3 363 846
1 3 410 1112
1 3 428 886
1 3 488 243
1 3 711 974
1 3 801 1828
1 3 848 770
1 3 924 1928
1 3 967 1792
1 4 1028 1064
1 4 1051 1613
1 4 1054 1228
1 4 1139 911
1 4 1267 812
1 4 1295 108
1 4 1327 781
1 4 1761 89
1 4 1770 218
1 4 1914 59
1 4 1987 890
1 4 286 524
1 4 296 979
1 4 489 827
1 4 838 1030
1 4 910 1988
1 4 924 1745
1 4 94 301
1 4 968 1440
1 4 983 1269
2 1 1970 2006
2 2 1035 1185
2 2 1430 1187
2 2 1493 1353
2 3 105 986
2 3 1083 1062
2 3 1136 986
2 3 1193 1080
2 3 1503 726
2 3 1619 1334
2 3 172 725
2 3 1953 866
2 3 201 795
2 3 283 212
2 3 287 392
2 3 314 1312
2 3 348 636
2 3 356 1721
2 3 362 57
2 3 406 252
2 3 424 931
2 3 436 1220
2 3 451 1003
2 3 484 1222
2 3 548 1184
2 3 560 318
2 3 627 82
2 3 635 1232
2 3 778 601
2 3 891 246
2 3 954 932
2 4 1162 1583
2 4 1709 55
2 4 1752 631
2 4 1919 1286
2 4 1934 876
2 4 565 1206
3 3 1012 1214
3 3 1144 297
3 3 305 256
3 3 512 1720
3 3 711 368
3 3 922 350
3 3 928 1100
3 4 1232 379
3 4 247 287
3 4 493 459
4 1 1276 1018
4 1 1918 1140
4 1 469 1628
4 1 577 753
4 1 582 885
4 2 1125 1792
4 2 1158 206
4 2 1373 847
4 2 1815 154
4 2 1911 1585
4 2 1968 1217
4 2 2043 735
4 2 945 942
4 3 1955 537
4 3 341 696
4 3 443 1292
4 3 864 317
4 4 1155 659
4 4 1636 1492
4 4 1690 1401
