1 1 1079 1577
1 1 1090 1686
1 1 1165 658
1 1 1186 1602
1 1 1237 1260
1 1 1268 1301
1 1 1306 856
1 1 1337 991
1 1 1347 1130
1 1 1350 1670
1 1 1350 1673
1 1 1387 1111
1 1 150 788
1 1 155 451
1 1 1715 1784
1 1 1720 1475
1 1 1720 1479
1 1 1822 1951
1 1 1823 1963
1 1 1869 1004
1 1 1879 1814
1 1 190 1121
1 1 190 1123
1 1 1911 459
1 1 1962 970
1 1 1991 1469
1 1 2009 782
1 1 2059 729
1 1 240 1608
1 1 306 1118
1 1 334 1195
1 1 363 770
1 1 436 1019
1 1 637 1589
1 1 654 1790
1 1 676 1187
1 1 680 1870
1 1 693 1373
1 1 733 134
1 1 759 1063
1 1 784 1602
1 1 879 1838
1 1 904 244
1 2 1111 245
1 2 1127 1672
1 2 1283 328
1 2 1283 334
1 2 136 1615
1 2 143 1889
1 2 152 1868
1 2 1569 1729
1 2 1677 1707
1 2 1678 1710
1 2 182 1200
1 2 1981 1478
1 2 2000 1749
1 2 2012 1834
1 2 204 668
1 2 2061 1368
1 2 221 179
1 2 321 1569
1 2 501 857
1 2 565 42
1 2 662 1757
1 2 728 624
1 2 732 2026
1 2 732 2042
1 2 732 2047
1 2 781 1780
1 2 785 1245
1 2 844 1631
1 2 945 189
1 2 970 411
1 2 991 1911
1 3 1003 430
1 3 1027 1365
1 3 1098 779
1 3 1158 1010
1 3 1181 1215
1 3 1197 1102
1 3 1208 1395
1 3 1261 1603
1 3 1302 1939
1 3 1365 1580
1 3 1368 673
1 3 1398 812
1 3 1414 674
1 3 1424 1209
1 3 1441 229
1 3 1562 1081
1 3 1578 1471
1 3 1582 598
1 3 1694 941
1 3 1700 1435
1 3 1714 37
1 3 173 443
1 3 1732 1978
1 3 175 1457
1 3 1766 876
1 3 1904 602
1 3 1924 673
1 3 1950 1481
1 3 1951 1441
1 3 1959 1973
1 3 1972 338
1 3 1982 1461
1 3 1992 671
1 3 2027 758
1 3 2067 1696
1 3 235 809
1 3 236 705
1 3 299 886
1 3 327 233
1 3 478 655
1 3 480 988
1 3 482 937
1 3 486 500
1 3 495 1535
1 3 601 763
1 3 615 1256
1 3 676 2016
1 3 772 1975
1 3 779 1902
1 3 800 1068
1 3 841 263
1 3 865 722
1 3 914 1086
1 4 1039 1729
1 4 1041 1813
1 4 1051 1413
1 4 1087 872
1 4 1152 39
1 4 118 1374
1 4 1192 2008
1 4 1228 1702
1 4 1259 1752
1 4 127 958
1 4 1384 923
1 4 1431 1587
1 4 163 1203
1 4 165 1609
1 4 170 1861
1 4 1852 842
1 4 1940 467
1 4 1948 1802
1 4 1953 1099
1 4 1965 414
1 4 1969 1390
1 4 2004 1640
1 4 2055 1340
1 4 240 682
1 4 260 1752
1 4 418 2027
1 4 418 708
1 4 418 710
1 4 459 681
1 4 464 1875
1 4 468 2007
1 4 481 1694
1 4 549 498
1 4 655 1896
1 4 713 1312
1 4 72 661
1 4 748 2025
1 4 790 1456
1 4 797 1317
1 4 865 1443
1 4 906 1674
2 1 1630 1494
2 1 1824 1529
2 1 2045 1208
2 1 400 1983
2 1 592 340
2 1 649 1963
2 1 732 1021
2 2 131 1986
2 2 1486 1700
2 2 1486 1710
2 2 159 1814
2 2 381 1310
2 2 428 1522
2 2 432 1419
2 3 1099 320
2 3 1214 1422
2 3 1401 685
2 3 1470 518
2 3 1715 1769
2 3 1808 1652
2 3 1875 1172
2 3 1878 600
2 3 1912 155
2 3 1939 748
2 3 2031 1086
2 3 2034 1644
2 3 227 1338
2 3 240 467
2 3 370 1155
2 3 395 1713
2 3 502 993
2 3 665 189
2 3 772 479
2 3 773 485
2 3 776 696
2 3 864 1146
2 3 872 622
2 3 886 332
2 3 889 358
2 3 940 220
2 3 950 334
2 3 953 507
2 4 1018 1392
2 4 1057 1142
2 4 1224 621
2 4 1316 1392
2 4 1350 783
2 4 143 1255
2 4 1492 488
2 4 1566 1480
2 4 161 361
2 4 162 1546
2 4 1694 623
2 4 170 1763
2 4 177 733
2 4 1799 600
2 4 1810 1511
2 4 1827 666
2 4 1839 1619
2 4 1960 671
2 4 2001 279
2 4 2010 332
2 4 2014 330
2 4 2014 333
2 4 210 1464
2 4 245 1743
2 4 282 1582
2 4 295 489
2 4 316 1314
2 4 316 595
2 4 326 1815
2 4 339 1768
2 4 351 1765
2 4 380 1165
2 4 394 1948
2 4 437 1894
2 4 467 1833
2 4 475 1908
2 4 480 1747
2 4 491 1977
2 4 493 1793
2 4 500 625
2 4 506 1851
2 4 507 1934
2 4 508 1851
2 4 508 1941
2 4 509 1894
2 4 52 1757
2 4 627 725
2 4 631 1688
2 4 690 1347
2 4 809 130
2 4 908 1376
2 4 930 896
3 2 956 1002
3 3 138 673
3 3 1793 1069
3 4 1068 326
3 4 524 363
4 1 1082 349
4 1 1086 1077
4 1 1155 1760
4 1 1210 1279
4 1 1229 1280
4 1 1299 1530
4 1 138 461
4 1 1411 1432
4 1 1551 1135
4 1 1668 553
4 1 1722 406
4 1 1726 1710
4 1 1840 1242
4 1 1862 1373
4 1 1883 82
4 1 238 1024
4 1 439 981
4 1 721 675
4 1 758 1013
4 1 831 1187
4 1 957 820
4 2 1096 952
4 2 1105 70
4 2 112 1668
4 2 1124 741
4 2 1147 820
4 2 1201 1423
4 2 1278 1364
4 2 1302 1843
4 2 1550 331
4 2 1652 1462
4 2 1756 1057
4 2 1802 1074
4 2 1803 1123
4 2 1810 1101
4 2 1821 1084
4 2 1838 1180
4 2 1939 1147
4 2 2001 1086
4 2 271 1752
4 2 297 344
4 2 339 517
4 2 354 442
4 2 357 452
4 2 359 368
4 2 367 518
4 2 383 941
4 2 400 408
4 2 471 445
4 2 502 476
4 2 502 505
4 2 511 487
4 2 516 508
4 2 630 190
4 2 653 651
4 2 680 790
4 2 734 1936
4 2 766 1242
4 2 821 888
4 2 854 1474
4 2 950 820
4 2 986 2024
4 3 1256 1637
4 3 1398 1632
4 3 146 724
4 3 1603 136
4 3 1662 497
4 3 1699 334
4 3 1719 496
4 3 1736 465
4 3 1773 506
4 3 1784 130
4 3 1816 132
4 3 1816 137
4 3 1829 495
4 3 1847 505
4 3 1860 471
4 3 1885 472
4 3 1936 143
4 3 1936 485
4 3 1938 112
4 3 1955 469
4 3 1996 48
4 3 2037 484
4 3 2063 346
4 3 350 1870
4 3 350 1892
4 3 51 1310
4 3 699 1939
4 3 857 716
4 3 858 713
4 3 863 2012
4 3 875 1367
4 3 875 1378
4 3 875 1381
4 3 89 1891
4 3 933 657
4 3 968 632
4 3 977 2008
4 4 1642 641
4 4 1691 744
4 4 1692 754
4 4 1795 1320
4 4 1887 610
1 1 1101 618
1 1 1384 1056
1 1 1563 1103
1 1 1852 1985
1 1 1859 1282
1 1 1927 2015
1 1 287 2035
1 1 310 702
1 1 318 1846
1 1 406 921
1 1 446 1027
1 1 451 1596
1 1 673 904
1 1 711 1927
1 1 81 1767
1 1 900 139
1 1 955 733
1 1 956 1259
1 2 1132 1687
1 2 1189 1607
1 2 1304 898
1 2 1524 627
1 2 153 1870
1 2 1688 1807
1 2 1768 1209
1 2 1983 1657
1 2 452 1182
1 2 478 1834
1 2 653 815
1 2 667 855
1 2 68 929
1 2 697 1788
1 2 879 1596
1 3 1033 1642
1 3 1130 1541
1 3 117 980
1 3 1284 1683
1 3 1356 1258
1 3 1378 2001
1 3 1448 1995
1 3 1451 1682
1 3 1499 1270
1 3 1518 1811
1 3 1661 754
1 3 1686 923
1 3 1687 472
1 3 1720 1166
1 3 1798 180
1 3 418 1917
1 3 441 856
1 3 811 1472
1 3 850 1260
1 3 857 475
1 3 950 833
1 3 960 1279
1 3 970 1539
1 4 1024 1580
1 4 1120 877
1 4 1250 1149
1 4 1378 1328
1 4 184 1829
1 4 1953 1612
1 4 2011 1477
1 4 2066 1291
1 4 218 537
1 4 266 1443
1 4 351 1570
1 4 370 2010
1 4 406 1756
1 4 522 1148
1 4 812 1122
1 4 900 407
1 4 947 1156
1 4 96 1498
2 2 1944 1504
2 2 969 1951
2 3 114 837
2 3 1531 1810
2 3 99 1101
2 4 1515 496
2 4 384 1828
2 4 414 1781
2 4 446 1975
2 4 471 352
2 4 710 1624
2 4 77 1686
3 3 984 693
4 1 1142 1739
4 2 1001 2012
4 2 1172 269
4 2 1432 886
4 2 1953 1069
4 2 239 387
4 2 381 375
4 2 395 433
4 2 414 414
4 3 689 970
4 4 1640 654
4 4 1715 555
4 4 1721 560
4 4 1785 600
4 4 1813 1655
4 4 1894 536
