33   1    1  202 1517
33  1   1 217 885
33  1   1 225 812
33  1   1 230 706
33   1    1  231 1065
33   1    1  491 1805
33   1    1  525 1191
33   1    2 1154  512
33   1    2 1981 1346
33   1    2  688 1882
33   1    3 1227  448
33   1    3  261 1743
33  1   3 429 660
33   1    4 1945 1624
33   1    4 2004  867
33   1    4 2038 1877
33   2    1 1413 1946
33   2    1 1496  591
33   2    1  154 1360
33   2    1 1608 1448
33   2    1 1781  931
33   2    1  201 1657
33  2   1 221 648
33  2   1 252 304
33   2    1  587 1166
33  2   1 593 802
33  2   1 611  68
33   2    1  636 2000
33  2   1 723 452
33  2   1 841 400
33  2   1 846 339
33  2   1 936 141
33  2   1 950 515
33   2    3 1680  866
33   2    4 1089  732
33   2    4 1461 1545
33   2    4 1517 1168
33   2    4 1518 1390
33   2    4 1598  113
33   2    4 1755 1197
33   2    4 1796 1958
33   2    4 1951 1210
33   2    4  851 1395
33  2   4 965 256
33   2    4  966 1697
33   3    1 1200 2007
33   3    1 1259  640
33   3    1 1499 1482
33   3    1 1919 1844
33   3    1 1953 1165
33   3    2 1243 1855
33   3    2 1271 1103
33   3    2 1285 2019
33   3    2 1387  145
33   3    2 1432  457
33   3    2 1435 1484
33   3    2 1532  123
33   3    2 1631 1628
33   3    2 1654 1110
33   3    2 1668  555
33   3    2 1674  515
33   3    2 1735 1757
33   3    2 1768 1487
33   3    2 1839 1547
33   3    2 1847 1843
33   3    2 1886 1728
33   3    2 1909 1669
33   3    2 1940 1506
33   3    2 1986 1283
33   3    2 2010 1239
33   3    2 2024 1606
33   3    2 2024 1691
33   3    2 2034 1535
33   3    2 2044 1095
33   3    2 2047 1356
33   3    2 2066  826
33   3    2 2083  630
33   3    2  209 1257
33   3    2  281 1576
33   3    2  356 1862
33  3   2 387 741
33   3    2  568 1900
33   3    2  583 1875
33  3   2 595 322
33   3    2  623 1913
33   3    2  626 1100
33  3   2 736 256
33   3    2  745 1407
33  3   2 746 578
33   3    2  781 1703
33   3    2  839 1373
33   3    2  841 1223
33  3   2 844 420
33   3    2  856 1634
33  3   2 864 463
33   3    2  881 1901
33   3    2  909 1714
33  3   2 939 945
33  3   2 947 902
33   3    3 1128  911
33   3    3 1142 1676
33   3    3 1183 1981
33   3    3 1220 1728
33   3    3 1224 1349
33   3    3 1225  209
33   3    3 1259 1258
33   3    3 1304  153
33   3    3 1443 1195
33   3    3  154 1301
33  3   3 157 841
33   3    3 1599 1384
33   3    3 1687 1210
33  3   3 189 175
33   3    3 1943  954
33  3   3 199 428
33   3    3  221 1257
33   3    3  223 1068
33   3    3  277 1929
33  3   3 347 869
33  3   3 430 594
33  3   3 443 739
33   3    3  451 1794
33   3    3  470 1996
33   3    3  521 1863
33   3    3  545 1685
33  3   3 709 427
33   3    3  835 1493
33   3    3  909 1960
33   3    3  928 1762
33   3    3  948 1615
33   3    3   95 1040
33   3    3  952 1335
33   3    4 1041 1242
33   3    4  129 1870
33   3    4 1569  625
33   3    4  223 1361
33  3   4 277 138
33  3   4 290 485
33  3   4 291 959
33  3   4 337 495
33  3   4 337 500
33  3   4 363 429
33   3    4  391 1722
33  3   4 409 361
33   3    4  419 1044
33   3    4  601 1779
33   3    4  675 1905
33   3    4  777 1562
33  3   4 911 345
33   4    1 1026 1331
33   4    1 1057  842
33   4    1 1236 1549
33   4    1 1299  351
33   4    1 1564 2011
33   4    1 1689   51
33   4    1 1849  481
33   4    1 2028 1408
33   4    1  218 1842
33   4    1  296 1337
33  4   1 523 400
33   4    1  697 1519
33   4    1  808 1859
33   4    1  817 1646
33   4    1  968 1291
33   4    2 1275  923
33   4    2 1421  307
33   4    2 1432 1332
33   4    2 1434 1220
33   4    2 1465 1872
33   4    2 1468 1914
33   4    2 1503  741
33   4    2 1504  741
33   4    2 1532 1991
33   4    2 1560  743
33   4    2 1569 1415
33   4    2 1574  726
33   4    2 1606 1822
33   4    2 1612 1208
33   4    2 1650 1407
33   4    2 1695 1612
33   4    2 1697 1121
33   4    2 1753 1130
33   4    2 1760  390
33   4    2 1760  846
33   4    2 1792  793
33   4    2 1890 1517
33   4    2 1893 1109
33   4    2 1998 1125
33  4   2 355 405
33  4   2 455 246
33   4    2  610 1394
33  4   2 617 847
33  4   2 646 883
33  4   2 654 396
33  4   2 720 879
33   4    2  765 1006
33  4   2 858 407
33  4   2 872 251
33  4   2 939 887
33   4    3 1004  127
33   4    3 1004  381
33   4    3 1007  370
33   4    3 1015  205
33   4    3 1017  156
33   4    3 1025  359
33   4    3 1027  131
33   4    3 1159  235
33  4   3 118 564
33   4    3  133 1506
33   4    3 1426  172
33   4    3  187 1485
33   4    3  195 1586
33   4    3  207 1249
33   4    3 2083  131
33  4   3 401 756
33  4   3 412 172
33  4   3 487 675
33  4   3 566 386
33  4   3 571  67
33  4   3 587 891
33  4   3 594  84
33  4   3 601  59
33  4   3 603 483
33  4   3 621  53
33  4   3 625 217
33   4    3  646 1778
33  4   3 661 391
33  4   3 667 178
33  4   3 675 273
33  4   3 678 230
33  4   3 691 476
33  4   3 691 509
33  4   3 693 129
33  4   3 705 489
33  4   3 710 413
33  4   3 725 507
33  4   3 726 339
33  4   3 726 430
33  4   3 727 460
33  4   3 729 520
33  4   3 733 395
33  4   3 747 508
33  4   3 760 475
33  4   3 760 478
33  4   3 765 521
33  4   3 766 517
33  4   3 770 501
33  4   3 779 429
33  4   3 784 377
33  4   3 784 381
33  4   3 784 461
33  4   3 784 464
33  4   3 785 498
33  4   3 797 506
33  4   3 820 486
33  4   3 820 490
33  4   3 821 415
33  4   3 823  54
33  4   3 833 486
33  4   3 850 488
33  4   3 855 435
33  4   3 856 432
33  4   3 859 590
33  4   3 860 502
33  4   3 861 122
33  4   3 866 475
33  4   3 877 434
33  4   3 877 447
33  4   3 878 482
33  4   3 881 133
33  4   3 886 172
33  4   3 890 446
33  4   3 892 206
33  4   3 892 505
33  4   3 899 152
33  4   3 901 221
33  4   3 912  43
33  4   3 914  92
33  4   3 915 457
33  4   3 920  50
33  4   3 922 233
33  4   3 933 477
33  4   3 933  48
33  4   3 934 517
33  4   3 942 226
33  4   3 945 233
33  4   3 986  38
33   4    4 1087 1918
33   4    4 1173 1793
33   4    4 1480 1858
33   4    4 1532 1005
33   4    4 1554 1031
33   4    4 1629  594
33  4   4 212 213
33  4   4 291 384
33   4    4  954 1373
33  4   4 954 935
