33   1    1 1027  168
33   1    1  349 1571
33  1   1 368 412
33  1   1 465 629
33  1   1 633 343
33   1    1  652 1601
33  1   1 679 483
33  1   1  87 304
33  1   3 443 677
33  1   3 609 692
33  1   3 879 196
33   1    4 1281  852
33   2    1 1000  201
33   2    1 1273  544
33   2    1 1274  968
33   2    1 1333  678
33   2    1 1405  586
33   2    1 1518 1828
33   2    1 1652 1021
33   2    1 1831  118
33   2    1 1847   75
33   2    1 1975 1696
33   2    1 2008 1117
33   2    1 2066  376
33   2    1  218 1806
33  2   1 260 563
33   2    1  344 1494
33  2   1 380 924
33  2   1 490 765
33  2   1 515 181
33  2   1 550 782
33  2   1 691 202
33   2    1  724 1077
33  2   1 743 337
33  2   1 759 375
33  2   1 813 496
33  2   1 833 770
33  2   1 842 217
33  2   1 936 839
33  2   2 292 537
33 2  2 68 47
33   2    3 1313 1856
33   2    3 1491 1945
33   2    3 1867 1220
33  2   3 598 600
33   2    4 1206  426
33   2    4 1454  454
33   2    4 1550  610
33   2    4 1845  666
33   2    4  869 1307
33   3    1 1422  868
33   3    1 1623  123
33   3    1 1822 1211
33   3    1 1822  905
33   3    1 1845   95
33   3    2 1040 1951
33   3    2 1303  656
33   3    2 1399  913
33   3    2 1424  753
33   3    2 1503 1636
33   3    2 1640 1752
33   3    2 1710  723
33   3    2 1824  466
33   3    2 1845 1305
33   3    2  198 1247
33   3    2 2029 1163
33   3    2 2045  473
33  3   2 489 276
33   3    2  623 1117
33  3   2 624 596
33  3   2 651 518
33  3   2 704 958
33  3   2 826  33
33   3    3 1010  101
33   3    3 1214  799
33   3    3  123 1116
33   3    3 1475  405
33   3    3 1545  196
33   3    3 1602  182
33   3    3 1823  810
33   3    3 1924  582
33   3    3 2033  642
33   3    3 2055   88
33   3    3  218 1595
33  3   3 225 474
33  3   3 310 568
33   3    3  445 1549
33  3   3 538 937
33  3   3 602  57
33  3   3 669 153
33  3   3 743  37
33  3   3 834 506
33  3   3 884 471
33  3   3 905 319
33   3    4 1207 1514
33   3    4 1363  107
33   3    4 1421  434
33   3    4 1464  260
33  3   4 329 434
33  3   4 357 898
33  3   4 415 471
33   3    4  561 1476
33  3   4 616 832
33  3   4 688 853
33   3    4  817 1422
33   4    1 1158  827
33   4    1 1210  904
33   4    1 1212  536
33   4    1 1518  278
33   4    1 1752  764
33   4    1 1788  347
33   4    1 1872   46
33   4    1 1880   61
33   4    1 1936  265
33   4    1 2012  705
33   4    1 2071 1001
33  4   1 451 207
33  4   1 513 608
33  4   1 959 613
33   4    2 1044 1134
33   4    2 1072  708
33   4    2 1204 1538
33   4    2 1413  531
33   4    2 1422  954
33   4    2 1461  448
33   4    2 1518 1202
33   4    2 1546 1929
33  4   2 156 293
33   4    2 1610  127
33   4    2 1623  383
33   4    2 1636  611
33   4    2 1638  582
33   4    2 1728   47
33   4    2 1777 1535
33   4    2 1778  816
33   4    2 1828  347
33   4    2 1874  364
33   4    2 1924 1283
33   4    2 1957  936
33   4    2 1975 1001
33  4   2 269 529
33   4    2  363 1182
33  4   2 442 295
33  4   2 657 123
33  4   2 833 612
33  4   2 862 403
33  4   2 939  36
33  4   2 973 432
33   4    3  163 1549
33   4    3 1733   53
33   4    3  237 1072
33  4   3 418 182
33  4   3 499 769
33  4   3 529 578
33  4   3 677 114
33  4   3 857 619
33  4   3 862 790
33  4   3 934 305
33  4   3  99 882
33   4    4 1066 1166
33   4    4 1232  380
33   4    4 1314  314
33  4   4 496 801
33  4   4 571 702
33   4    4  589 1382
33  4   4 601 992
33  4   4 816 588
33  4   4 818 187
33  4   4 939 752
