34   1    1 1006 1239
34   1    1 1092 1308
34   1    1 1139  316
34   1    1 1175 1661
34   1    1 1207 2047
34   1    1 1232 1605
34   1    1 1237 1106
34   1    1 1245 1137
34   1    1 1247 1378
34   1    1 1247 1696
34   1    1 1260 1105
34   1    1 1263 1317
34   1    1 1274 1078
34   1    1 1285  856
34   1    1 1321 1257
34   1    1 1338 1994
34   1    1 1352 1869
34   1    1 1388 1222
34   1    1 1414 1732
34   1    1 1439 1703
34   1    1 1456 1192
34   1    1 1464 1093
34   1    1 1465 1494
34   1    1 1489 1977
34   1    1 1629 1798
34   1    1 1635  610
34   1    1 1661  817
34   1    1 1683 1019
34   1    1 1687  665
34   1    1 1689 1385
34   1    1 1695 1402
34   1    1 1715 1785
34   1    1 1731  880
34   1    1 1761 1993
34   1    1 1773 1370
34   1    1 1781 2015
34   1    1 1793  668
34   1    1 1797  150
34   1    1 1805 1421
34   1    1 1817 1669
34   1    1 1832 1038
34   1    1 1847  627
34   1    1 1851  567
34   1    1 1861  564
34   1    1 1869 1396
34   1    1 1870 1706
34   1    1 1871 1555
34   1    1 1873 1189
34   1    1 1884 1543
34   1    1 1890 1283
34   1    1 1913  229
34   1    1 1935 1937
34   1    1 1942 1666
34   1    1 1954 1848
34   1    1 1957 2035
34   1    1 1968 1723
34   1    1 1972  295
34   1    1 1980 1954
34   1    1 1987 1049
34   1    1 2026  621
34   1    1 2041 1404
34   1    1 2043 1633
34   1    1 2051 1312
34   1    1 2052  468
34   1    1 2055 1947
34   1    1 2057 1437
34   1    1 2064 1684
34   1    1 2067  869
34   1    1 2069 1314
34   1    1 2079 1833
34   1    1  490 1041
34   1    1  563 1471
34   1    1  693 1022
34   1    1  704 1423
34   1    1   72 1600
34   1    1  784 1989
34   1    1  785 2026
34   1    1  807 1117
34   1    1  933 2018
34   1    1  935 2003
34   1    1  963 1539
34   1    2 1014  936
34   1    2 1015  863
34   1    2 1064  802
34   1    2 1087 1445
34   1    2 1094 1447
34   1    2 1144 1607
34   1    2 1148 1857
34   1    2 1224 1843
34   1    2 1224  487
34   1    2 1231  402
34   1    2 1240 1852
34   1    2 1282  186
34   1    2  131 1406
34   1    2 1339  687
34   1    2 1342 1351
34   1    2 1482 1419
34   1    2 1538 1951
34   1    2 1554  957
34   1    2 1558  876
34   1    2 1559  330
34   1    2 1567  239
34   1    2  159 1366
34   1    2 1608  409
34  1   2 161 540
34   1    2 1669 1337
34   1    2 1670 1086
34   1    2 1703  123
34   1    2 1716  527
34   1    2 1773  203
34   1    2 1787  455
34   1    2 1789 1527
34   1    2 1790 1893
34   1    2 1863 1624
34   1    2 1866  675
34   1    2 1881  725
34   1    2 1892  402
34   1    2 1895 1290
34   1    2 1898 2001
34   1    2 1905 1635
34   1    2 1922  530
34   1    2 1930 1846
34   1    2 1937 1241
34   1    2 1955  147
34   1    2 1958 1880
34   1    2 1959  526
34   1    2 1961   87
34   1    2 1964  103
34   1    2 1992  927
34   1    2 2000 1748
34   1    2 2032  120
34   1    2 2039   51
34   1    2 2069  122
34   1    2  241 1679
34   1    2  307 1845
34  1   2 326 451
34  1   2 399 905
34  1   2 412 766
34  1   2 459 926
34  1   2 471 556
34  1   2 485  73
34  1   2 500 976
34   1    2  564 1446
34   1    2  580 1689
34   1    2  641 1828
34   1    2  667 1870
34  1   2 708 910
34   1    2  720 1397
34   1    2  749 1254
34   1    2  755 1869
34   1    2  771 1488
34  1   2 853 401
34   1    2  859 1618
34  1   2 863 439
34   1    2  873 1129
34   1    2  879 1038
34   1    2  911 1988
34   1    2   92 1914
34   1    2  925 1681
34  1   2 927 770
34  1   2 982 442
34   1    3 1027 1981
34   1    3 1048 1433
34   1    3 1113 1981
34   1    3 1119 2022
34   1    3 1119  843
34   1    3 1124  738
34   1    3 1146  920
34   1    3 1225  809
34   1    3 1230 1911
34   1    3 1232  718
34   1    3 1236 1847
34   1    3 1244  986
34   1    3 1279  970
34   1    3 1284 1139
34   1    3 1289 1477
34   1    3 1300 1925
34   1    3 1302 1936
34   1    3 1315  757
34   1    3 1318 1589
34   1    3 1321 1681
34   1    3 1329  417
34   1    3 1359  794
34   1    3 1360  627
34   1    3 1365  997
34   1    3 1378 1184
34   1    3 1398 1532
34   1    3 1398 1757
34   1    3 1398  813
34   1    3 1433 1670
34   1    3 1456 1724
34   1    3 1464 1052
34   1    3 1478  498
34   1    3 1492  400
34   1    3 1529 1148
34   1    3 1537 1114
34   1    3  155 1036
34   1    3  155 1726
34   1    3 1556 1144
34   1    3 1558  794
34   1    3 1561  599
34   1    3 1599  222
34   1    3 1620  792
34   1    3  166 1511
34   1    3 1669  398
34   1    3  168 1499
34   1    3 1718 1409
34   1    3  175 1297
34  1   3 175 933
34   1    3 1754  153
34   1    3 1761  368
34   1    3 1765 1500
34   1    3 1805   83
34   1    3 1853 1956
34   1    3 1891 1854
34   1    3 1908  305
34   1    3 1908  368
34   1    3 1914 1373
34   1    3 1955  966
34   1    3 1957 1058
34   1    3 1981  693
34   1    3 1983  596
34   1    3 1988  269
34   1    3 1996 1476
34   1    3 2057   84
34   1    3 2058  332
34   1    3 2062   63
34   1    3 2065 1809
34   1    3 2065  400
34   1    3 2068  578
34   1    3 2068  580
34   1    3 2073   95
34   1    3 2077  125
34   1    3  208 1038
34  1   3 222 711
34  1   3 227 405
34  1   3 248 129
34  1   3 257  54
34  1   3 258 225
34  1   3 291 389
34   1    3  322 1276
34  1   3 338 540
34   1    3  361 1279
34  1   3 384 331
34   1    3  401 2010
34  1   3 419 904
34  1   3 422 424
34  1   3 430 897
34   1    3  446 2035
34  1   3 454 938
34   1    3  456 1783
34  1   3 462 753
34  1   3 503 764
34  1   3 514 381
34  1   3 514 950
34  1   3 542 392
34   1    3  562 1379
34   1    3  564 1506
34   1    3  565 1508
34   1    3  583 1741
34   1    3  609 1337
34   1    3  628 2010
34   1    3  687 1903
34   1    3  695 1428
34   1    3  701 1253
34  1   3 709 108
34   1    3  710 1195
34  1   3 718 288
34  1   3 719 287
34  1   3 728 721
34   1    3  783 1636
34   1    3  789 1160
34   1    3  800 1069
34  1   3 826  38
34  1   3 852 800
34   1    3  874 1143
34   1    3  875 1798
34  1   3 923 657
34   1    3  926 1278
34   1    3  956 1752
34  1   3 956 411
34   1    3  966 1244
34  1   3 971 974
34   1    3  985 1259
34   1    4 1061 1207
34   1    4 1067  967
34   1    4 1094 1873
34   1    4 1110 1882
34   1    4 1124 1680
34   1    4 1129  734
34   1    4 1141  424
34   1    4 1171 1756
34   1    4 1179 1964
34   1    4 1182 1570
34   1    4 1184  951
34   1    4 1192 2020
34   1    4 1216 1650
34   1    4 1248 1840
34   1    4  127 1281
34   1    4 1290 1674
34   1    4 1330 1685
34   1    4 1334 2041
34   1    4  137 1962
34   1    4 1376  858
34   1    4 1411 1939
34   1    4 1421 1661
34   1    4 1455 1766
34   1    4 1467 2007
34   1    4 1481 1403
34   1    4 1483 1887
34  1   4 153 247
34   1    4 1544  713
34   1    4 1545 1843
34   1    4 1596  379
34   1    4 1625  290
34   1    4 1626  291
34   1    4 1649  897
34   1    4 1651 1250
34   1    4 1652  622
34   1    4 1665 1932
34   1    4 1680  389
34   1    4 1697 1721
34   1    4 1716   60
34   1    4 1759 1138
34   1    4 1766  736
34   1    4 1790  160
34   1    4 1872  235
34   1    4 1914  318
34   1    4 1960  314
34   1    4 1972  181
34   1    4 1974  357
34   1    4 2007  768
34   1    4 2019  337
34  1   4 203 115
34   1    4 2042 1014
34   1    4 2049 1082
34   1    4 2083 1519
34   1    4  209 1487
34  1   4 217 482
34   1    4  232 1363
34  1   4 257 615
34  1   4 262 281
34  1   4 271 105
34   1    4  273 1916
34  1   4 283 338
34   1    4  294 1527
34   1    4  323 1412
34   1    4  360 1756
34   1    4  365 1501
34   1    4  368 1201
34   1    4  396 1547
34  1   4 443 928
34   1    4  493 1213
34   1    4  493 1215
34   1    4  692 1036
34   1    4  717 1152
34   1    4  719 1264
34  1   4 728 582
34   1    4  734 1401
34   1    4  748 2023
34   1    4  749 1062
34   1    4  750 2026
34   1    4  803 1516
34   1    4  818 1079
34   1    4   85 1301
34   1    4  889 1091
34   1    4  905 1132
34   1    4  910 1286
34   1    4  914 1838
34  1   4 990 845
34   2    3 1068  350
34   2    3 1128  587
34   2    3  119 1260
34   2    3 1322  293
34   2    3 1406  738
34  2   3 150 135
34  2   3 273 776
34   2    3  287 1473
34  2   3 358  74
34  2   3 383 404
34  2   3 422 160
34  2   3 491 327
34  2   3 526 676
34  2   3 658 667
34  2   3 706 635
34  2   3 817 719
34  2   3 862 932
34  2   3 915 590
34  2   4 432 671
34   3    1 1424  255
34   3    1 1930 1553
34   3    2 1005 1398
34   3    2 1078 1505
34   3    2 1086 1320
34   3    2 1230 1537
34   3    2 1237 1859
34   3    2 1301 1075
34   3    2 1422  300
34   3    2 1443  426
34   3    2 1460 1657
34   3    2 1472 1294
34   3    2 1517  981
34   3    2 1832  463
34   3    2 2017  602
34   3    2 2029  322
34   3    2 2052  156
34   3    2 2073 1527
34   3    3 1008 1680
34   3    3  101 1695
34   3    3 1011  318
34   3    3 1026  887
34   3    3 1049 1968
34   3    3 1066 1466
34   3    3 1085  232
34   3    3 1090  262
34   3    3 1090  267
34   3    3 1093  290
34   3    3 1093  295
34   3    3 1098  146
34   3    3 1103  167
34   3    3 1103  172
34   3    3 1107  235
34   3    3 1112  453
34   3    3 1122  458
34   3    3 1124  901
34   3    3 1129  433
34   3    3 1243  617
34   3    3 1244  282
34   3    3 1253  290
34   3    3 1254  451
34   3    3 1256  383
34   3    3 1261  403
34   3    3 1263  135
34   3    3 1269  389
34   3    3 1271  373
34   3    3 1278  344
34   3    3 1290   37
34   3    3 1290  380
34   3    3 1327   67
34   3    3 1356   83
34   3    3 1357 1150
34   3    3  136 1109
34   3    3 1365  338
34   3    3 1382   77
34   3    3 1384  251
34   3    3 1395  148
34   3    3 1395  257
34   3    3 1395  262
34   3    3 1401  177
34   3    3 1401  348
34   3    3 1402  307
34   3    3 1402   79
34   3    3 1404  291
34   3    3 1404  296
34   3    3 1405  201
34   3    3 1405  343
34   3    3 1405   51
34   3    3 1405   56
34   3    3 1406   74
34   3    3 1409  238
34   3    3 1414  246
34   3    3 1414   65
34   3    3 1417   94
34   3    3 1418  129
34   3    3 1418  133
34   3    3 1421  328
34   3    3 1422  111
34   3    3 1423   64
34   3    3 1428  334
34   3    3 1429   57
34   3    3 1434   45
34   3    3 1436   78
34   3    3 1441  286
34   3    3 1450   84
34   3    3 1450   89
34   3    3 1452  280
34   3    3 1455   74
34   3    3 1458  460
34   3    3 1459 1228
34   3    3 1460  318
34   3    3 1469   90
34   3    3 1476   82
34   3    3 1477   69
34   3    3 1480  448
34   3    3 1486  448
34   3    3 1487   80
34   3    3 1489  139
34   3    3 1490  177
34   3    3 1490  437
34   3    3 1490  442
34   3    3 1493   70
34   3    3 1505  214
34   3    3 1506  100
34   3    3 1512  429
34   3    3 1532   45
34   3    3  154 2008
34   3    3 1545   67
34   3    3 1545   72
34   3    3 1557   47
34   3    3 1575  600
34   3    3 1585  303
34   3    3 1603   63
34   3    3  163 1724
34   3    3  167 1473
34   3    3 1725 1279
34   3    3 1729  939
34   3    3 1975 1969
34   3    3 1999  821
34   3    3 2001  799
34   3    3 2003 1781
34   3    3 2010  750
34   3    3  203 1401
34   3    3  208 1546
34  3   3 219 738
34  3   3 224 764
34   3    3  249 1079
34  3   3 252 216
34  3   3 257 111
34   3    3  284 1380
34   3    3  287 1751
34  3   3 295 973
34  3   3 307 263
34  3   3 324 614
34  3   3 342 446
34  3   3 343 205
34  3   3 347 137
34   3    3  357 1591
34  3   3 357 494
34  3   3 462 227
34   3    3  480 1046
34  3   3 491 751
34   3    3  519 1227
34   3    3  530 1668
34   3    3  536 1699
34  3   3 562 687
34  3   3 604 170
34  3   3  62 702
34   3    3  632 1343
34  3   3 632 622
34  3   3 632 778
34   3    3  635 1416
34   3    3  657 1314
34  3   3 659 822
34  3   3 700 190
34  3   3 711 584
34 3  3 72 79
34  3   3 742 489
34   3    3   75 1644
34   3    3  780 1205
34   3    3  781 1276
34  3   3 796 634
34   3    3  818 1058
34  3   3 867 821
34   3    3  875 1164
34   3    3  882 1161
34  3   3 894 249
34   3    3   90 1479
34   3    3  903 1192
34   3    3  918 1471
34   3    3  927 1756
34  3   3 932 422
34  3   3 933 233
34  3   3 938 742
34   3    3  949 1394
34  3   3 966 234
34   3    3  968 1410
34  3   3 980 930
34  3   3 986  45
34  3   4 120 826
34  3   4 132 120
34   3    4 1412 1190
34  3   4 177 107
34  3   4 194 880
34   3    4  344 1602
34  3   4 344 808
34   3    4  496 1723
34  3   4 676 571
34   4    1 1090 1842
34   4    1 1091 1567
34   4    1 1135 1328
34   4    1 1223 1177
34   4    1 1288  225
34  4   1 131 471
34   4    1 1338 1509
34   4    1 1377 1693
34   4    1 1415 1718
34   4    1 1428 1356
34   4    1 1469 2012
34   4    1 1528  492
34   4    1 1595 1824
34   4    1 1629  600
34   4    1 1646 1569
34   4    1 1942 1408
34   4    1 2056  233
34   4    1  278 1959
34   4    1  680 1435
34   4    1  750 1081
34  4   1 772 392
34   4    1  880 1349
34   4    1  899 1788
34   4    1  920 1742
34   4    2 1002  758
34   4    2 1011  646
34   4    2 1028 1996
34   4    2 1030 1730
34   4    2 1072  370
34   4    2 1089  225
34   4    2 1157  244
34   4    2 1167  173
34   4    2 1173  478
34   4    2 1181 1279
34   4    2 1182 1456
34   4    2 1208 1589
34   4    2 1218  707
34   4    2 1233 1048
34   4    2 1244 1558
34   4    2 1254  367
34   4    2 1268 1775
34   4    2 1275  945
34   4    2 1283 1574
34   4    2 1285 1726
34   4    2 1289 1823
34   4    2 1290 1674
34   4    2 1311 1712
34   4    2 1313 1834
34   4    2 1318  254
34   4    2 1319 2034
34   4    2 1323 1718
34   4    2 1325  133
34   4    2 1355  543
34   4    2 1367  797
34   4    2 1394 1830
34   4    2 1422  158
34   4    2 1431 1379
34   4    2 1439  896
34   4    2 1466  301
34   4    2 1476  428
34   4    2 1486  477
34   4    2 1509  642
34   4    2 1510  581
34   4    2 1514 1758
34  4   2 153 739
34   4    2 1543 1615
34   4    2 1563 1837
34   4    2 1643 1879
34   4    2 1656 1676
34   4    2 1678 1023
34   4    2 1684  986
34   4    2 1692 1284
34   4    2 1692 1669
34   4    2 1696 1786
34   4    2 1710  285
34   4    2 1712 1096
34   4    2 1719 1757
34   4    2 1734 1767
34   4    2 1745 1556
34   4    2 1745 1750
34   4    2 1781 1505
34   4    2 1788 1760
34   4    2 1796 1881
34   4    2 1801 1802
34   4    2 1812 1653
34   4    2 1813   47
34   4    2 1817  202
34   4    2 1819  948
34   4    2 1823  458
34   4    2 1826  316
34   4    2 1830  473
34   4    2 1856 1648
34   4    2 1882 1467
34   4    2 1898  364
34   4    2 1902 1900
34   4    2 1905 1724
34   4    2 1914  633
34   4    2 1924 1518
34   4    2 1976 1703
34   4    2 1978  837
34   4    2 1999 1122
34   4    2 2016  681
34   4    2 2061  269
34   4    2 2063 1336
34   4    2 2070 1180
34   4    2 2084 1152
34   4    2 2087 1528
34  4   2 306 921
34  4   2 320 540
34   4    2  364 1510
34   4    2  466 1362
34  4   2 478 633
34  4   2 515 604
34  4   2 542 787
34   4    2  565 1643
34   4    2  596 1321
34   4    2  688 1938
34  4   2 701 901
34   4    2  755 1339
34  4   2 785 251
34  4   2 912 102
34   4    2  941 1350
34  4   2 991 694
34   4    3 1002 1041
34   4    3 1007  648
34   4    3 1017 1445
34   4    3 1056  762
34   4    3 1063  761
34  4   3 111 901
34   4    3 1116  734
34   4    3 1141 1923
34   4    3 1160  996
34   4    3 1189  298
34   4    3 1214  422
34  4   3 122 212
34   4    3 1239  169
34   4    3 1250  786
34  4   3 129 795
34   4    3 1405  177
34   4    3 1687  286
34  4   3 179 724
34   4    3  187 1634
34   4    3 1878  329
34  4   3 203 666
34   4    3  227 1630
34  4   3 227 640
34   4    3  237 1832
34  4   3 254 714
34  4   3 268 956
34  4   3 289 196
34  4   3 290 784
34  4   3 326 615
34  4   3 378 632
34  4   3 387 956
34   4    3  388 1311
34  4   3 405 240
34  4   3 419 123
34  4   3 428 765
34   4    3  456 1397
34   4    3  480 1118
34  4   3 485 666
34  4   3 507 151
34   4    3  508 1100
34  4   3 522 902
34  4   3 523 902
34  4   3 538 296
34  4   3 541 225
34   4    3  552 1977
34   4    3  556 1769
34   4    3  578 1121
34  4   3 578 519
34   4    3  609 1181
34   4    3  613 1244
34   4    3  636 1084
34  4   3 640 641
34   4    3  668 1069
34  4   3 674 854
34   4    3  695 1324
34  4   3 708 999
34   4    3  710 1319
34  4   3 721 566
34   4    3  726 1728
34   4    3  733 1047
34   4    3  736 2041
34   4    3  780 1960
34  4   3 782 138
34  4   3 786 968
34  4   3 807 196
34   4    3  818 1072
34  4   3 819 202
34  4   3 849 205
34   4    3  857 1231
34   4    3  882 1294
34  4   3 900 373
34   4    3  901 1278
34   4    3  908 1280
34   4    3  919 1063
34  4   3 933 643
34  4   3 935 248
34  4   3 948 623
34  4   3 949 423
34  4   3 986 605
34   4    4 1038  260
34   4    4 1109  784
34   4    4 1142  939
34   4    4 1171 1803
34   4    4 1173 1949
34   4    4 1245  367
34   4    4 1246 1854
34   4    4 1247 1099
34   4    4 1247 1221
34   4    4 1247  377
34   4    4 1247  711
34   4    4 1247  774
34   4    4 1278  145
34   4    4 1322 1550
34   4    4 1362  811
34   4    4 1504 1596
34   4    4 1524   45
34   4    4 1584  179
34   4    4 1683  560
34   4    4 1715 1091
34   4    4 1777 1479
34   4    4 1803 1790
34   4    4 1930  700
34  4   4 199 136
34   4    4 2061  622
34  4   4 241 195
34  4   4 269  50
34  4   4 290  51
34  4   4 354 364
34   4    4  588 1856
34  4   4 768 506
34  4   4 906 569
34  4   4 977  43
