34   1    1 1006 1239
34   1    2 1179 1322
34   1    2 1318  123
34   1    2 1325 1388
34   1    2 1435   50
34   1    2 1506  881
34   1    2 1544 1419
34  1   2 614 422
34   1    3 1152  929
34   1    3  190 1039
34   1    3 1973  834
34  1   3 233 588
34  1   3 327 830
34  1   3 353 248
34  1   3 463 298
34  1   3 632 117
34   1    4 1107 1145
34   1    4 1241  667
34   1    4 1946  426
34  1   4 264 865
34  1   4 533 673
34  1   4 618 686
34   1    4  835 1001
34   2    3 1277  309
34   2    3 1814  422
34  2   3 680 492
34   3    2 1186 1301
34   3    2 1649  451
34   3    2 1780 1647
34   3    3 1194  863
34   3    3 1368  698
34   3    3  262 1479
34  3   3 430 773
34  3   3 480 357
34  3   3 574  62
34  3   3 621 104
34   3    3  713 1165
34   3    4 1499  779
34  3   4 392 496
34  4   1 205 714
34   4    1 2055 1379
34  4   1 332 754
34   4    1  425 1315
34  4   1 834 312
34   4    1  919 1712
34   4    2 1024  338
34   4    2 1202 1423
34   4    2  123 1782
34   4    2 1253 1098
34   4    2 1288  329
34   4    2 1313  667
34   4    2 1548 1632
34   4    2 1582  918
34   4    2 1666  571
34   4    2 1817  325
34   4    2 1817  729
34   4    2 1848 1525
34   4    2 1862 1726
34   4    2 1868 1198
34   4    2 1883 1061
34   4    2 1883 1186
34   4    2  617 1178
34  4   2 921 915
34   4    3 1032  132
34   4    3 1823  649
34  4   3 226 974
34  4   3 569 645
34  4   3 599 877
34   4    3  707 1245
34   4    3  789 1100
34   4    3  865 1042
34   4    4 1246 1130
34   4    4 1246  863
34   4    4 1540  968
34   4    4 1805 1820
34   4    4 1900  616
34   4    4 1901  554
34  4   4 401 239
34  4   4 980 130
