35   1    1 1000  622
35   1    1 1000  627
35   1    1 1002  396
35   1    1 1005 1111
35   1    1 1018 1294
35   1    1 1021 1378
35   1    1 1024  841
35   1    1 1025  704
35   1    1 1030 1707
35   1    1 1036  711
35   1    1 1039  159
35   1    1 1039  668
35   1    1  104 1214
35   1    1 1042  198
35   1    1 1044  197
35   1    1 1047  716
35   1    1  105 1014
35   1    1 1053 1793
35   1    1 1053  966
35   1    1 1055  836
35   1    1 1103 1021
35   1    1 1103  191
35   1    1 1155 1119
35   1    1 1155 1140
35   1    1 1161  232
35   1    1 1162  817
35  1   1 117 887
35   1    1 1171  218
35   1    1 1174 1772
35   1    1 1180  181
35   1    1 1183 1189
35   1    1 1186 1005
35  1   1 119 448
35   1    1 1190 1499
35   1    1 1192  149
35   1    1 1193 1117
35   1    1 1193 1122
35   1    1 1198 1180
35   1    1 1200  341
35   1    1 1211  236
35   1    1 1212 1174
35   1    1 1228  243
35  1   1 125 888
35  1   1 125 910
35   1    1 1251  216
35   1    1 1256 1132
35   1    1 1258  303
35   1    1 1261  988
35   1    1 1265  940
35   1    1 1276 1330
35   1    1 1277  596
35   1    1 1278 1327
35   1    1 1280 1040
35   1    1 1286  311
35   1    1 1297  723
35  1   1 130 476
35   1    1 1306 1716
35   1    1 1306   33
35   1    1 1310 1910
35   1    1 1311 1910
35   1    1 1313 1111
35   1    1 1316 1968
35   1    1 1329 1846
35   1    1  133 1401
35   1    1 1348 1318
35   1    1 1352 1867
35   1    1 1352 1869
35   1    1 1354  505
35   1    1 1361  587
35   1    1 1362  172
35   1    1 1388  831
35   1    1 1394  838
35   1    1 1398 1215
35  1   1 141 245
35  1   1 142 999
35   1    1 1426  292
35   1    1 1427 1191
35   1    1 1436 1861
35   1    1 1438 1253
35   1    1  144 1329
35   1    1 1443 1069
35   1    1 1443 2016
35   1    1 1454  931
35   1    1 1457 1005
35   1    1 1459 1814
35   1    1 1468 1646
35   1    1 1469 1803
35  1   1 147 594
35   1    1 1470 1719
35   1    1 1472 1071
35   1    1 1477 1747
35   1    1 1477  791
35   1    1 1478 1739
35   1    1 1485 1244
35   1    1 1497 1279
35   1    1  152 1211
35   1    1 1520 1235
35   1    1 1520 1731
35   1    1 1524 1186
35   1    1 1524 1189
35   1    1 1528 1403
35   1    1 1529  863
35   1    1 1530 1198
35   1    1 1530 1202
35   1    1 1530 2000
35   1    1 1531 1844
35   1    1 1534 1265
35   1    1 1534 1429
35   1    1 1542  637
35   1    1 1544 1278
35   1    1 1546 1809
35   1    1 1547 1175
35   1    1 1552  901
35   1    1 1553  824
35   1    1 1557  440
35   1    1  156 1483
35   1    1 1561 1730
35   1    1 1561  252
35   1    1 1565 1773
35   1    1  157 1375
35  1   1 157 934
35  1   1 157 936
35   1    1 1575 1261
35   1    1 1582  712
35   1    1 1595 1747
35  1   1 160 810
35  1   1 163 615
35   1    1 1643  344
35   1    1 1655  822
35   1    1 1660  631
35   1    1 1665 1209
35   1    1 1677 1841
35   1    1 1679 1149
35   1    1 1679 1422
35   1    1 1686 1143
35   1    1  169 1168
35   1    1 1698 1524
35   1    1 1702  411
35   1    1 1708  281
35   1    1 1710 1183
35   1    1 1715 1784
35   1    1 1725 1447
35   1    1 1726  235
35   1    1 1728 1269
35   1    1 1728 1834
35   1    1 1737 1712
35   1    1 1741 1356
35   1    1 1743  359
35   1    1 1744 1837
35   1    1  175 1127
35  1   1 175 283
35   1    1 1765 1887
35   1    1  177 1391
35   1    1 1775  245
35   1    1 1775  534
35   1    1 1779 1199
35   1    1 1780 1679
35   1    1 1781  211
35   1    1 1786  795
35   1    1 1793 1099
35  1   1 180 953
35   1    1 1803 1824
35   1    1 1805 1259
35   1    1 1807  139
35   1    1 1809 1501
35   1    1 1812 1809
35   1    1 1812 1855
35   1    1 1813  922
35   1    1 1820 1859
35   1    1 1831  344
35   1    1 1836 1642
35   1    1 1837  484
35   1    1 1846 1187
35   1    1 1861 1726
35   1    1 1873   70
35   1    1 1884 1456
35   1    1 1899 1828
35  1   1 190 340
35   1    1 1927  600
35   1    1  193 1179
35   1    1 1934 1213
35   1    1 1948  649
35   1    1 1958  197
35   1    1 1959  908
35   1    1 1978 1857
35   1    1 1981 1481
35   1    1 2001  621
35   1    1 2003 1739
35   1    1 2029 1446
35   1    1  203 1050
35   1    1  203 1926
35   1    1 2034 1478
35   1    1  204 1422
35   1    1 2041  258
35   1    1 2045 1365
35   1    1 2047 1778
35   1    1 2052 1276
35   1    1 2053 1231
35   1    1 2064 1874
35  1   1 207 208
35   1    1 2074 1414
35   1    1 2074  448
35   1    1  209 1186
35  1   1 217 886
35  1   1 223 873
35   1    1  229 1395
35  1   1 236 920
35   1    1  245 1285
35   1    1  249 1345
35  1   1 252 789
35  1   1 260 323
35  1   1 261 219
35  1   1 261 321
35   1    1  262 1393
35   1    1  264 1408
35   1    1  264 1708
35  1   1 281 740
35   1    1  285 1277
35  1   1 289 529
35  1   1 293 774
35   1    1  302 1109
35  1   1 303 559
35   1    1  311 1233
35  1   1 311 450
35  1   1 313  80
35   1    1  315 1163
35  1   1 319 605
35  1   1 320 601
35  1   1 322 809
35   1    1  324 1251
35   1    1  325 1253
35  1   1 329 775
35   1    1  330 1164
35  1   1 330 773
35  1   1 337 662
35  1   1 342 163
35  1   1 342 919
35   1    1  350 1277
35   1    1  351 2001
35  1   1 355 790
35   1    1  357 1503
35   1    1  358 1236
35   1    1  363 1160
35   1    1  363 1184
35   1    1  364 1158
35  1   1 377 953
35   1    1  378 1106
35  1   1 380 649
35  1   1 392 923
35   1    1  393 1268
35   1    1  405 1622
35   1    1  406 1624
35  1   1 406 569
35  1   1 406 728
35   1    1  415 1185
35  1   1 418 892
35  1   1 420 663
35  1   1 421 661
35  1   1 421 926
35  1   1 422 482
35  1   1 425 360
35  1   1 427 862
35   1    1  438 1092
35  1   1 439 726
35   1    1  441 1110
35   1    1  443 1139
35  1   1 448 605
35   1    1  449 1157
35   1    1  449 1159
35   1    1  449 1163
35   1    1  451 1596
35   1    1  453 1507
35  1   1 460 970
35   1    1  463 1060
35  1   1 468 499
35  1   1 468 501
35   1    1  473 1157
35   1    1  481 1333
35   1    1  486 1040
35   1    1  486 1042
35  1   1 488 118
35  1   1 489  89
35  1   1 495 454
35   1    1  496 1142
35   1    1  496 1144
35  1   1 496 450
35  1   1 496 819
35  1   1 496 823
35   1    1  501 1228
35   1    1  502 1292
35   1    1  514 1202
35   1    1  515 1836
35   1    1  519 1190
35  1   1 530 193
35   1    1  535 1201
35  1   1 540 892
35  1   1 559 157
35  1   1 570 464
35   1    1  574 1191
35  1   1 575 881
35  1   1 575 882
35  1   1 586 580
35  1   1 586 586
35   1    1  589 1797
35  1   1 593 931
35   1    1  595 1349
35  1   1 595 566
35  1   1 605 171
35  1   1 611 761
35   1    1  612 1195
35  1   1 613 657
35   1    1  636 1152
35  1   1 642 288
35  1   1 653 618
35   1    1  656 1186
35   1    1  656 1188
35   1    1  656 1190
35   1    1  656 1946
35  1   1 658 654
35   1    1  659 1314
35  1   1 660 968
35  1   1 668 628
35  1   1 670 931
35  1   1 674 811
35   1    1  675 1929
35  1   1 675 809
35  1   1 676 992
35  1   1 680 491
35  1   1 682 748
35  1   1 686 319
35   1    1  690 1037
35   1    1  700 1225
35  1   1 700 742
35  1   1 700 744
35  1   1 700 746
35  1   1 715 379
35   1    1  729 1266
35  1   1 735 439
35   1    1  737 1108
35  1   1 737 864
35   1    1  739 1130
35  1   1 752 790
35  1   1 758 391
35  1   1 759 389
35   1    1  771 1114
35   1    1  782 1095
35   1    1  790 1081
35   1    1  791 1242
35  1   1 794 606
35  1   1 797 636
35  1   1 808 604
35   1    1  815 1000
35  1   1 816 659
35  1   1 823 736
35   1    1  842 1076
35  1   1 842 668
35   1    1  846 1127
35  1   1 850 821
35  1   1 859 345
35  1   1 862 820
35   1    1  863 1417
35   1    1  863 1484
35   1    1  885 1184
35   1    1  898 1188
35   1    1  901 1184
35   1    1  912 1073
35  1   1 912 628
35   1    1  914 1074
35  1   1 914 798
35  1   1 918 369
35  1   1 919 864
35   1    1  922 1676
35  1   1 929 457
35   1    1  938 1113
35   1    1  952 1842
35  1   1 955 576
35  1   1 959 184
35   1    1  967 1958
35  1   1  97 826
35  1   1 977 948
35   1    1   98 1386
35  1   1  98 475
35   1    1  980 1066
35  1   1 983 864
35  1   1 991 211
35  1   1 991 329
35  1   1 996 576
35   1    2 1007  493
35   1    2  101 1148
35   1    2 1026  160
35   1    2 1055  820
35   1    2 1060  740
35   1    2 1062  557
35   1    2 1101  796
35   1    2 1109  573
35   1    2 1116  849
35   1    2 1118  599
35   1    2 1118  603
35   1    2 1139  267
35   1    2 1143 1392
35   1    2 1150  572
35   1    2 1161  581
35   1    2 1165  751
35   1    2 1168 1371
35   1    2 1170  315
35   1    2 1174  464
35   1    2 1180  376
35   1    2 1183  280
35   1    2 1184 1908
35   1    2 1184  685
35   1    2 1197  645
35   1    2 1200  862
35   1    2 1215 1707
35   1    2 1240 1946
35   1    2 1244 1919
35   1    2 1248  611
35   1    2 1257 1937
35   1    2 1269 1956
35   1    2 1270 1977
35   1    2 1270  583
35   1    2 1272  584
35   1    2 1275  666
35   1    2 1284  742
35   1    2 1286  390
35   1    2 1287  233
35   1    2 1288  773
35   1    2 1289  234
35   1    2 1303  459
35   1    2 1304  605
35   1    2 1305  402
35   1    2 1306 1018
35   1    2 1306  403
35   1    2 1327  173
35   1    2 1329  707
35   1    2  133 1506
35   1    2 1334  561
35   1    2 1335  563
35   1    2 1336  488
35   1    2 1337  489
35   1    2 1345  623
35   1    2 1351  911
35   1    2 1353  475
35   1    2 1355  681
35   1    2 1359  825
35   1    2  136 1800
35   1    2 1361 1709
35   1    2 1362 1709
35   1    2 1369  761
35   1    2 1380  577
35   1    2 1382 1963
35   1    2 1390 1061
35   1    2 1390  750
35   1    2 1392 1970
35   1    2 1401  454
35   1    2 1408  287
35   1    2 1414  870
35   1    2 1417  770
35   1    2 1420 1028
35   1    2 1422  583
35   1    2 1428  709
35   1    2 1429  792
35   1    2 1430  794
35   1    2 1431  615
35   1    2 1431  617
35   1    2 1433  674
35   1    2 1436  331
35   1    2 1441  598
35   1    2 1442  231
35   1    2 1445  813
35   1    2 1446  815
35   1    2 1450   98
35   1    2 1457  377
35   1    2 1459  643
35   1    2 1460  198
35   1    2 1460  645
35   1    2 1460  647
35   1    2 1466  477
35   1    2 1467  571
35   1    2 1468 1571
35   1    2 1470 1037
35   1    2 1472  945
35   1    2 1480 2017
35   1    2 1480  885
35   1    2 1481  726
35   1    2 1482 1027
35   1    2 1486  953
35   1    2 1487  980
35   1    2 1491  261
35   1    2 1492  263
35   1    2 1503  301
35   1    2 1504  670
35   1    2 1504  672
35   1    2 1514  947
35   1    2 1516  103
35   1    2 1516  726
35  1   2 152 688
35   1    2 1520  651
35   1    2 1523  696
35   1    2 1529   68
35   1    2 1532 1510
35   1    2 1533  770
35   1    2 1534 1983
35   1    2 1534 1985
35   1    2 1538 1524
35   1    2 1542  609
35   1    2 1543  611
35   1    2 1545  578
35   1    2 1546 2013
35   1    2 1549  708
35   1    2 1553 1392
35   1    2 1553  565
35   1    2 1554 2005
35   1    2 1555  567
35   1    2 1559  765
35   1    2 1559  888
35   1    2 1580  886
35   1    2 1583  586
35   1    2 1592 1149
35   1    2 1596  860
35   1    2 1598  860
35   1    2 1598  861
35   1    2 1602  834
35   1    2 1606 1810
35   1    2 1606  983
35   1    2 1615  850
35   1    2 1619  600
35   1    2 1621 1219
35   1    2 1626  570
35   1    2 1627 1006
35   1    2 1629   63
35   1    2 1631  629
35   1    2 1634  991
35   1    2 1639 1997
35   1    2 1639 1999
35   1    2 1640  884
35   1    2 1642  489
35   1    2 1644  973
35   1    2 1650  507
35   1    2 1651 1098
35   1    2 1651 1100
35   1    2 1653  769
35   1    2 1655  648
35   1    2 1658  380
35   1    2 1660 1249
35   1    2 1661  755
35   1    2 1662 1257
35   1    2 1663 1232
35   1    2 1667  659
35   1    2 1671  683
35   1    2 1674  731
35   1    2 1678  838
35   1    2 1679  287
35  1   2 168 437
35  1   2 168 945
35   1    2 1680  477
35   1    2 1680  895
35   1    2 1681  897
35   1    2 1682  117
35   1    2 1682 1184
35   1    2 1686  625
35   1    2 1687  773
35   1    2 1688 1806
35   1    2 1688  399
35   1    2 1689  401
35   1    2 1691 1151
35   1    2 1694 1292
35   1    2 1694   81
35   1    2 1695  939
35   1    2 1696  613
35   1    2 1697 1247
35   1    2 1697 1249
35   1    2 1698 1389
35   1    2 1699  382
35   1    2 1699  788
35   1    2 1700   46
35   1    2 1700  766
35   1    2 1701  931
35   1    2 1702  507
35   1    2 1704 1316
35   1    2 1705  102
35   1    2 1705  726
35   1    2 1706  216
35   1    2 1707 1173
35   1    2 1707  902
35   1    2 1712  901
35   1    2 1715 1648
35   1    2 1715  498
35   1    2 1715  769
35   1    2 1716  500
35   1    2 1718   47
35   1    2 1718  915
35   1    2 1721 1225
35   1    2 1728  710
35   1    2 1729 1311
35   1    2 1730  532
35   1    2 1730  874
35   1    2 1731  534
35   1    2 1731  745
35   1    2 1731  828
35   1    2 1733 1189
35   1    2 1734 1060
35   1    2 1734 1102
35   1    2 1734  298
35   1    2 1735 1350
35   1    2 1737 1846
35   1    2 1740 1262
35   1    2 1742 1899
35   1    2 1745 1244
35   1    2 1750  670
35   1    2 1751 1020
35   1    2 1756 1383
35   1    2 1756  770
35   1    2 1757 1299
35   1    2 1757 1353
35   1    2 1758 1297
35   1    2 1760 1915
35   1    2 1760   65
35   1    2 1760  737
35   1    2 1761  502
35   1    2 1762  504
35   1    2 1764 1149
35   1    2 1764 1151
35   1    2 1764 1265
35   1    2 1768  534
35   1    2 1768  573
35   1    2 1769 1662
35   1    2 1769  536
35   1    2 1770  362
35   1    2 1771 1341
35   1    2 1774  438
35   1    2 1775  668
35   1    2 1776 1376
35   1    2 1776   42
35   1    2 1778  328
35   1    2 1778  830
35   1    2 1779 1353
35   1    2 1779  764
35   1    2 1780  766
35   1    2 1781  733
35   1    2 1787 1028
35   1    2 1789  702
35   1    2 1791  531
35   1    2 1792  741
35   1    2 1793 1221
35   1    2 1794  631
35   1    2 1796 1364
35   1    2 1796 1368
35   1    2 1800  672
35   1    2 1802  460
35   1    2 1806 1331
35   1    2 1810  577
35   1    2 1811  184
35   1    2 1812  186
35   1    2 1813 1065
35   1    2 1814  125
35   1    2 1814 1361
35   1    2 1815 1125
35   1    2 1815  127
35   1    2 1815  197
35   1    2 1819  528
35   1    2 1824  760
35   1    2 1825  762
35   1    2 1829 1382
35   1    2 1831  662
35   1    2 1832 1418
35   1    2 1832 1420
35   1    2 1833  427
35   1    2 1836 1137
35   1    2 1840 1243
35   1    2 1840  515
35   1    2 1841  794
35   1    2 1841  824
35   1    2 1842  227
35   1    2 1842  290
35   1    2 1843  906
35   1    2 1843  908
35   1    2 1848  740
35   1    2 1850 1153
35   1    2 1850 1236
35   1    2 1850 1238
35   1    2 1851 1194
35   1    2 1853 1622
35   1    2 1854  611
35   1    2 1860 1301
35   1    2 1864  810
35   1    2 1864  812
35   1    2 1865  904
35   1    2 1866  906
35   1    2 1867 1488
35   1    2 1872 1116
35   1    2 1873 1118
35   1    2 1873  352
35   1    2 1874 1400
35   1    2 1874  558
35   1    2 1877  910
35   1    2 1878  601
35   1    2 1878  603
35   1    2 1878  912
35   1    2 1879  427
35   1    2 1885 1249
35   1    2 1885 1251
35   1    2 1885 1255
35   1    2 1885   58
35   1    2 1885  599
35   1    2 1886  189
35   1    2 1886  962
35   1    2 1887  783
35   1    2 1887  897
35   1    2 1888 1150
35   1    2 1888 1151
35   1    2 1889 1940
35   1    2 1891 1207
35   1    2 1891 1333
35   1    2 1891 1335
35   1    2 1894 1487
35   1    2 1896 1105
35   1    2 1896 1107
35   1    2 1902 1272
35   1    2 1902  505
35   1    2 1904  991
35   1    2 1905  993
35   1    2 1907  827
35   1    2 1907  829
35   1    2 1908 1786
35   1    2 1909 1788
35   1    2 1911 1216
35   1    2 1911 1218
35   1    2 1911 1456
35   1    2 1911  213
35   1    2 1911  631
35   1    2 1911  687
35   1    2 1912  607
35   1    2 1912  633
35   1    2 1912  689
35   1    2 1914 1157
35   1    2 1917  597
35   1    2 1918  599
35   1    2 1919  805
35   1    2 1920  374
35   1    2 1921  895
35   1    2 1923  360
35   1    2 1924  362
35   1    2 1925  586
35   1    2 1926 1155
35   1    2 1926 1463
35   1    2 1927 1156
35   1    2 1930  339
35   1    2 1933 1408
35   1    2 1933  379
35   1    2 1935 1571
35   1    2 1938 1690
35   1    2 1942 1110
35   1    2 1942 1776
35   1    2 1942  374
35   1    2 1943 1171
35   1    2 1943  376
35   1    2 1943  773
35   1    2 1943   90
35   1    2 1944  554
35   1    2 1945   46
35   1    2 1945  773
35   1    2 1947  784
35   1    2 1948 1386
35   1    2 1949  889
35   1    2 1954  762
35   1    2 1957 1140
35   1    2 1958 1212
35   1    2 1958  773
35   1    2 1959  535
35   1    2 1959  775
35   1    2 1959  803
35   1    2 1961  238
35   1    2 1962  215
35   1    2 1962  523
35   1    2 1965 1524
35   1    2 1970 1104
35   1    2 1970 1108
35   1    2 1970  443
35   1    2 1970  778
35   1    2 1971  623
35   1    2 1972 1238
35   1    2 1977 1327
35   1    2 1977 1329
35   1    2 1983 1656
35   1    2 1985 1992
35   1    2 1985  603
35   1    2 1991 1198
35   1    2 1991  926
35   1    2 1998   48
35   1    2 1999 1414
35   1    2 2004  729
35   1    2 2007 1294
35   1    2 2007  485
35   1    2 2010 1063
35   1    2 2015  543
35   1    2 2016 1212
35   1    2 2016 1213
35   1    2 2016  728
35   1    2 2016  730
35   1    2 2017  312
35   1    2 2018  439
35   1    2 2018  904
35   1    2 2019  440
35   1    2 2019  441
35   1    2 2020  670
35   1    2 2021  574
35   1    2 2021  672
35   1    2 2021  955
35   1    2 2022  148
35   1    2 2022 1658
35   1    2 2023  559
35   1    2 2026  775
35   1    2 2027  777
35   1    2 2033 1069
35   1    2 2034  687
35   1    2 2038  743
35   1    2 2039 1247
35   1    2 2040  408
35   1    2 2041 1212
35   1    2 2046  465
35   1    2 2052 1776
35   1    2 2053  425
35   1    2 2054 1391
35   1    2 2057 1703
35   1    2 2062 1327
35   1    2 2065 1672
35   1    2 2066 1077
35  1   2 207 864
35   1    2 2073 1121
35   1    2 2074 1189
35   1    2 2080 1059
35   1    2  245 1405
35   1    2  256 1973
35   1    2  278 1709
35  1   2 285 672
35  1   2 303 721
35   1    2  305 1063
35   1    2  319 1714
35  1   2 319 633
35  1   2 341 658
35  1   2 347 685
35  1   2 388 720
35  1   2 390 592
35   1    2  406 1350
35   1    2  408 1728
35  1   2 412 259
35   1    2  413 1931
35   1    2  422 1844
35   1    2  426 1385
35   1    2  441 1170
35   1    2  446 1690
35   1    2  451 1800
35   1    2  458 1956
35   1    2  465 1310
35   1    2  475 1697
35   1    2  483 1892
35  1   2 511 739
35   1    2  512 1476
35   1    2  559 1832
35  1   2 574 855
35   1    2  586 1974
35  1   2 587 968
35  1   2 589 270
35   1    2  621 1809
35   1    2  631 1641
35   1    2  639 1894
35   1    2  645 1620
35  1   2 647 569
35   1    2  650 1669
35   1    2  663 1669
35  1   2 676 767
35   1    2  686 1721
35  1   2 693 601
35  1   2 726 432
35  1   2 792 922
35  1   2 800 436
35  1   2 816 849
35  1   2 833 603
35  1   2 840 732
35  1   2 885 564
35   1    2  914 1729
35  1   2 920 870
35   1    2  929 1612
35   1    2  936 1848
35  1   2 936 939
35   1    2  942 1837
35  1   2 952 688
35   1    2   97 1881
35   1    2  988 1237
35   1    2  994 1209
35   1    3 1012 1101
35   1    3 1012 1817
35   1    3 1022 1503
35   1    3 1022  783
35   1    3 1023 1505
35   1    3 1028 1681
35   1    3 1029   49
35   1    3 1038 1253
35   1    3 1039 1158
35   1    3 1040   42
35   1    3 1044 1729
35   1    3 1053  246
35   1    3 1064   61
35   1    3 1068 1928
35   1    3 1068  760
35   1    3 1076 1911
35   1    3 1082 1144
35   1    3 1096 1883
35   1    3 1096  671
35   1    3 1098 1743
35   1    3 1099 1998
35   1    3 1102 1929
35   1    3 1103 1870
35   1    3 1111 1179
35   1    3 1120  742
35   1    3 1121  743
35   1    3 1131 1748
35   1    3 1134  344
35   1    3 1134  717
35   1    3 1146 1591
35   1    3 1148 1844
35   1    3 1151  275
35   1    3 1157 1881
35   1    3 1157  817
35   1    3 1158 1923
35   1    3  116 1129
35   1    3 1162 1089
35   1    3 1168 1875
35   1    3 1175 1917
35  1   3 118 351
35   1    3 1189  449
35   1    3 1190  790
35   1    3 1192  668
35   1    3 1193  231
35   1    3 1194  916
35   1    3 1199 1782
35   1    3 1206  981
35   1    3 1215   43
35   1    3 1216 1216
35   1    3 1219 1697
35   1    3 1219 1700
35   1    3 1223 1916
35   1    3 1227 1842
35   1    3 1236  936
35   1    3 1236  939
35   1    3 1248 1923
35   1    3 1248  791
35   1    3 1250  954
35   1    3 1264 1553
35   1    3 1271 1968
35   1    3 1274 1116
35   1    3 1274 1776
35   1    3 1279  340
35   1    3 1284 1682
35   1    3 1284 1684
35   1    3 1284 1931
35   1    3 1285 1029
35   1    3 1285 1739
35   1    3 1285 1839
35   1    3 1292 1098
35   1    3 1292 2002
35   1    3 1297  812
35   1    3 1298  814
35   1    3 1299 1931
35   1    3 1307 1859
35   1    3 1308  587
35  1   3 131 295
35   1    3 1310  898
35   1    3 1316 1510
35   1    3 1323  919
35   1    3 1323  923
35   1    3 1328 1941
35   1    3 1331 1835
35   1    3 1336  959
35   1    3 1341 1001
35   1    3 1342 1693
35   1    3 1351  581
35   1    3 1354 1363
35   1    3 1358  834
35   1    3 1359  830
35  1   3 136 829
35   1    3  137 1373
35   1    3 1370  922
35   1    3 1382  933
35   1    3 1385 1824
35   1    3 1386 1823
35   1    3 1387 1008
35   1    3 1398  706
35   1    3 1400  115
35   1    3 1404  899
35   1    3 1410  965
35   1    3 1423  853
35   1    3 1429 1651
35   1    3 1433  423
35   1    3 1434  288
35   1    3 1437  843
35   1    3 1438 1128
35  1   3 144 714
35   1    3 1459 1110
35  1   3 146 116
35   1    3 1460 1014
35   1    3 1460 1017
35   1    3 1461 1638
35   1    3 1465  862
35   1    3 1467 1027
35   1    3 1474 1008
35   1    3 1474 1011
35   1    3 1476  367
35   1    3 1488 1138
35  1   3 149 398
35   1    3 1491 1623
35   1    3 1492 1115
35   1    3 1493 1018
35   1    3 1493  402
35   1    3 1496 1481
35   1    3 1496  749
35   1    3 1497  745
35   1    3  151 1250
35   1    3 1513 1769
35   1    3 1515 1983
35   1    3 1518  437
35   1    3 1519  927
35   1    3 1521  820
35   1    3 1529 1148
35   1    3 1552   73
35   1    3 1565 1648
35   1    3 1565   63
35   1    3 1578 1470
35   1    3 1580  329
35  1   3 159 547
35   1    3 1593  241
35   1    3 1596  904
35   1    3 1601 1944
35   1    3 1602 1974
35   1    3 1605 1141
35   1    3 1611 1943
35   1    3  164 1133
35   1    3  164 1135
35   1    3 1641 1819
35   1    3 1644 1887
35   1    3 1648  460
35   1    3 1649 1897
35   1    3 1650  452
35   1    3 1652 1966
35   1    3 1658  694
35   1    3 1662 1763
35   1    3 1664   99
35   1    3 1666  927
35  1   3 167 291
35   1    3 1674 1840
35   1    3 1674  476
35   1    3 1676  475
35   1    3  168 1945
35   1    3 1680  511
35   1    3 1686 1868
35   1    3 1690 1466
35   1    3 1694 1764
35   1    3 1700 1434
35   1    3 1702  401
35   1    3 1706 1624
35   1    3 1706 1627
35   1    3 1708  460
35   1    3 1716  747
35   1    3 1716  963
35   1    3 1724 1000
35   1    3 1731  376
35   1    3 1732 1510
35   1    3 1735  497
35   1    3 1739 1401
35   1    3 1769 1673
35   1    3 1788 1473
35   1    3 1788 1475
35  1   3 179 569
35   1    3 1797 1858
35   1    3 1799 1914
35   1    3 1818 1752
35   1    3 1822 1819
35   1    3 1823 1748
35   1    3 1826  542
35   1    3 1828 1391
35   1    3 1835  281
35   1    3 1836  424
35   1    3 1845  589
35   1    3 1855 1732
35   1    3 1858  472
35   1    3 1863 1855
35   1    3 1883  432
35   1    3 1895 1730
35   1    3 1895 1856
35   1    3 1906 1178
35   1    3 1910   43
35   1    3 1910   45
35   1    3 1914 1866
35   1    3 1924 1775
35   1    3 1932 1968
35   1    3 1938  174
35   1    3 1940 1099
35   1    3 1944 1945
35   1    3 1948 1841
35   1    3 1954  300
35   1    3 1958 1776
35   1    3 1959 1177
35   1    3 1964 1900
35   1    3 1970  141
35   1    3 1975 1845
35   1    3 1975  453
35   1    3 1976 1922
35   1    3 1978  645
35   1    3 1984 1468
35   1    3 1985  370
35   1    3 1990 1973
35   1    3 1997  274
35   1    3  200 1744
35   1    3 2003  551
35   1    3 2013   82
35   1    3  202 1146
35   1    3 2020 1020
35   1    3 2031  651
35   1    3 2037 1278
35   1    3 2038 1760
35   1    3 2038 1814
35   1    3 2043 1945
35   1    3 2045  990
35   1    3 2045  992
35   1    3 2050  833
35   1    3 2055  174
35   1    3 2055  827
35   1    3 2057  373
35   1    3 2059 1948
35   1    3 2067 1765
35   1    3 2068  578
35  1   3 207 325
35   1    3 2079 1355
35  1   3 212 542
35  1   3 222 567
35  1   3 227 682
35  1   3 231 888
35  1   3 235 712
35  1   3 247 848
35  1   3 249 785
35   1    3  251 1760
35  1   3 254 851
35  1   3 257 553
35  1   3 262 725
35  1   3 264 917
35   1    3  267 1430
35   1    3  271 1818
35   1    3  273 1284
35  1   3 278 818
35  1   3 294 665
35   1    3  297 1135
35   1    3  302 1173
35   1    3  308 1027
35   1    3  313 1067
35  1   3 315 585
35   1    3  317 1302
35  1   3 318 687
35  1   3 321 911
35  1   3 329 665
35  1   3 331 801
35   1    3  339 1507
35   1    3  345 1028
35  1   3 350 940
35  1   3 358 416
35  1   3 369 899
35   1    3  371 1159
35  1   3 382 630
35   1    3  385 1182
35   1    3  387 1136
35  1   3 388 773
35   1    3  396 1195
35   1    3  399 1048
35  1   3 400 895
35   1    3  402 1306
35   1    3  404 1445
35   1    3  404 1704
35  1   3 404 350
35   1    3  407 1028
35   1    3  425 1119
35   1    3  425 1121
35  1   3 425 788
35  1   3 425 973
35  1   3 430 617
35   1    3  438 1146
35   1    3  438 1392
35   1    3  440 1781
35   1    3  443 1182
35   1    3  443 1184
35   1    3  448 1234
35   1    3  453 1379
35   1    3  454 1048
35   1    3  467 1151
35   1    3  467 1153
35   1    3  473 1193
35   1    3  475 1358
35  1   3 479 674
35  1   3 479 802
35   1    3  480 1345
35   1    3  481 1345
35  1   3 481 429
35  1   3 481 613
35   1    3  487 1296
35   1    3  487 1474
35  1   3 487 636
35   1    3  495 1009
35   1    3  496 1151
35   1    3  496 1155
35   1    3  499 1357
35   1    3  499 1372
35   1    3  499 1378
35   1    3  504 1120
35   1    3  504 1222
35   1    3  504 1224
35   1    3  504 1226
35  1   3 506 968
35   1    3  507 1265
35   1    3  507 1269
35   1    3  511 1349
35   1    3  514 1160
35   1    3  514 1161
35   1    3  523 1699
35   1    3  524 1077
35  1   3 526 770
35   1    3  535 1187
35   1    3  535 1192
35   1    3  538 1984
35  1   3 543 348
35  1   3 545 142
35  1   3 547 327
35   1    3  559 1020
35   1    3  561 1651
35   1    3  564 1505
35   1    3  564 1509
35   1    3  564 1973
35   1    3  565 1508
35  1   3 566 998
35  1   3 575 703
35   1    3  576 1812
35   1    3  579 1477
35   1    3  583 1573
35   1    3  586 1799
35  1   3 586 358
35   1    3  588 1400
35   1    3  589 1636
35   1    3  592 1572
35   1    3  600 1100
35  1   3 615 720
35   1    3  617 1552
35  1   3 624 792
35   1    3  635 1094
35   1    3  640 1123
35   1    3  657 1033
35   1    3  663 1771
35  1   3 664 729
35   1    3  676 1194
35  1   3 681 783
35   1    3  687 1875
35  1   3 690 842
35   1    3  693 1157
35   1    3  693 1163
35  1   3 700 756
35   1    3  702 1423
35   1    3  704 1502
35  1   3 706 920
35  1   3 707 200
35   1    3  711 1527
35  1   3 711 974
35  1   3 711 976
35  1   3 713 383
35  1   3 713 687
35  1   3 717 954
35  1   3 718 951
35  1   3 720 754
35   1    3  721 1532
35   1    3  725 1835
35  1   3 727 572
35  1   3 728 568
35   1    3  730 1468
35  1   3 737 966
35  1   3 737 968
35  1   3 737 970
35  1   3 739 785
35  1   3 740 783
35  1   3 744 182
35  1   3 762 694
35  1   3 766 321
35   1    3  779 1648
35   1    3  784 1927
35  1   3 785 148
35   1    3  787 1886
35   1    3  789 1882
35   1    3  790 1918
35  1   3 791 738
35   1    3  794 1769
35   1    3  794 1771
35   1    3  797 1919
35   1    3  799 1870
35   1    3  800 1066
35  1   3 800 561
35   1    3  801 1565
35   1    3  801 1828
35  1   3 801 559
35   1    3  802 1956
35  1   3 802 946
35   1    3  804 1762
35   1    3  804 1921
35  1   3 805 408
35   1    3  818 1768
35  1   3 818 609
35  1   3 819 642
35   1    3  821 1663
35  1   3 824 755
35  1   3 824 757
35  1   3 824 759
35   1    3  825 1900
35  1   3 825  36
35  1   3 826  38
35   1    3  827 1957
35  1   3 828 605
35  1   3 831 724
35  1   3 832 591
35  1   3 832 721
35  1   3 833 589
35  1   3 836 484
35  1   3 837 427
35   1    3  839 1160
35  1   3 841 634
35  1   3 842 630
35   1    3  843 1762
35   1    3  855 1668
35   1    3  857 1448
35   1    3  857 1784
35   1    3  868 1858
35   1    3  869 1715
35  1   3 869 710
35   1    3  874 1923
35   1    3  874 1925
35  1   3 874 309
35  1   3 884 987
35  1   3 891 364
35  1   3 913 655
35   1    3  924 1928
35  1   3 924 513
35   1    3  944 1955
35   1    3  949 1721
35  1   3 963 539
35   1    3  967 1792
35   1    3  985 1961
35  1   3 996 557
35   1    4  100 1017
35   1    4 1002  953
35   1    4 1018 1074
35   1    4 1020 1178
35   1    4 1021 1252
35   1    4 1031 1504
35   1    4 1034 1222
35   1    4 1044 1245
35   1    4 1044 1255
35   1    4 1046 1194
35   1    4 1048 1185
35   1    4 1048 1187
35   1    4 1051 1358
35   1    4 1053 1299
35   1    4 1055 1254
35   1    4 1055 1287
35   1    4 1060 1386
35   1    4 1065 1304
35   1    4 1065  562
35   1    4 1065  602
35   1    4 1077  146
35   1    4 1086 1132
35   1    4 1086 1675
35   1    4 1089 1988
35   1    4  109 1710
35   1    4 1090 1366
35   1    4 1093  361
35   1    4 1094  364
35   1    4 1095   63
35   1    4 1096   60
35   1    4  111 1849
35  1   4 112 658
35   1    4 1124  292
35   1    4 1129 1025
35   1    4 1130 1207
35   1    4 1138 1831
35  1   4 114 882
35   1    4 1147  367
35   1    4 1147  587
35  1   4 115 882
35   1    4 1153  614
35   1    4 1155  949
35   1    4 1164 1708
35   1    4 1166  322
35   1    4 1171 1082
35   1    4 1173  778
35   1    4 1176  535
35   1    4 1183  411
35   1    4 1184  417
35   1    4 1184  610
35   1    4 1189   77
35  1   4 119 616
35   1    4 1190  402
35   1    4 1193  593
35   1    4 1202  267
35   1    4 1203  266
35   1    4 1209  614
35   1    4 1225  832
35   1    4 1226  408
35   1    4 1226  588
35   1    4 1227  409
35   1    4 1231  802
35   1    4 1233 1012
35   1    4 1257  409
35   1    4 1260  146
35   1    4 1267  765
35   1    4 1267  771
35   1    4 1268  191
35   1    4 1272 1017
35   1    4 1278  609
35   1    4 1292 1146
35   1    4 1294  110
35   1    4 1295  108
35   1    4 1300  894
35   1    4 1301  685
35   1    4 1302  974
35   1    4  131 1297
35   1    4 1320  624
35   1    4 1327  781
35   1    4 1338  427
35   1    4 1340 1527
35   1    4 1343  697
35   1    4 1350  298
35   1    4 1350  299
35   1    4 1351  348
35   1    4 1352  754
35   1    4 1352  756
35   1    4 1355 1578
35   1    4 1363  931
35   1    4 1375  827
35   1    4 1378  166
35   1    4 1387  875
35   1    4 1388   74
35   1    4 1393 1720
35   1    4 1394 1116
35   1    4 1395 1339
35   1    4 1399  830
35   1    4 1399  832
35   1    4 1400  836
35   1    4 1400  931
35   1    4 1409 1369
35   1    4 1413  190
35   1    4 1426  682
35   1    4 1427  942
35   1    4 1428 1772
35   1    4 1430  878
35   1    4 1437 1614
35   1    4 1438 1010
35   1    4 1448  477
35   1    4 1450  210
35   1    4 1451  212
35   1    4 1451  964
35   1    4 1453 1444
35   1    4 1461 1025
35   1    4 1466 1718
35   1    4 1468  430
35   1    4 1469  973
35   1    4 1470 1027
35   1    4 1470   35
35   1    4 1474  201
35   1    4 1475  874
35   1    4 1476  226
35   1    4 1482 1032
35   1    4 1492  462
35   1    4 1493  290
35   1    4 1498  801
35   1    4 1502   69
35   1    4 1506  809
35   1    4 1517  829
35   1    4 1518  315
35   1    4 1518  834
35   1    4 1520  410
35   1    4 1521  412
35   1    4 1524 1447
35   1    4 1527  403
35   1    4 1528 1935
35   1    4 1528  405
35   1    4 1535  717
35   1    4 1538  109
35   1    4 1538  235
35   1    4 1542 1315
35   1    4 1547 1131
35   1    4 1548 1422
35   1    4 1548  495
35   1    4 1548   89
35   1    4 1552  835
35   1    4 1558  808
35   1    4 1564  246
35   1    4 1564  280
35   1    4 1566  437
35   1    4 1567  439
35   1    4 1586 1735
35   1    4 1605  605
35   1    4 1608  106
35   1    4 1608 1328
35   1    4 1613   76
35   1    4 1617  575
35   1    4 1618  774
35   1    4 1621  185
35   1    4 1626  776
35   1    4 1637  207
35   1    4 1648 1442
35   1    4 1648  651
35   1    4  165 1607
35   1    4 1653  569
35   1    4 1656  390
35   1    4 1658  840
35   1    4  166 1918
35   1    4 1671  645
35   1    4 1675  821
35   1    4 1676  282
35   1    4 1676  924
35   1    4 1682  385
35   1    4 1685  171
35   1    4 1685  249
35   1    4 1690  657
35   1    4 1690  939
35   1    4 1692  339
35   1    4 1693   60
35   1    4 1693  840
35   1    4 1694   62
35   1    4 1709  186
35   1    4 1713  984
35   1    4 1715   90
35   1    4 1718  188
35   1    4 1723   49
35   1    4 1725  581
35   1    4 1735  274
35   1    4 1735   55
35   1    4 1736  601
35   1    4 1736  801
35   1    4 1738  572
35   1    4 1740 1152
35   1    4 1741  908
35   1    4 1748  718
35   1    4 1750  924
35   1    4 1752 1030
35   1    4 1752  696
35   1    4 1752  786
35   1    4 1761   89
35   1    4 1762  271
35   1    4 1764 1138
35   1    4 1766  227
35   1    4 1769  258
35   1    4 1772  232
35   1    4 1774 1039
35   1    4 1775  693
35   1    4 1776  604
35   1    4 1777 1023
35   1    4 1779  992
35   1    4 1780  216
35   1    4 1781  966
35   1    4 1783 1112
35   1    4 1784  789
35   1    4 1786  542
35   1    4 1788 1653
35   1    4 1790  968
35   1    4 1796  704
35   1    4 1797   81
35  1   4 180 263
35   1    4 1800 1033
35   1    4 1800  674
35   1    4 1804  592
35   1    4 1806  407
35   1    4 1810  244
35   1    4 1811  974
35   1    4 1813  691
35   1    4 1815  276
35   1    4 1834  990
35   1    4 1835  766
35   1    4 1836  547
35   1    4 1837  105
35   1    4 1837  586
35   1    4 1837  956
35   1    4 1839  975
35   1    4 1848 1059
35   1    4 1848  158
35   1    4 1851  765
35   1    4 1852  777
35   1    4 1855 1849
35   1    4 1856  689
35   1    4 1857  297
35   1    4 1858  708
35   1    4 1861  240
35   1    4 1866  385
35   1    4 1867 1014
35   1    4 1867  260
35   1    4 1868 1036
35   1    4 1869 1034
35   1    4 1869 1074
35   1    4 1874  390
35   1    4 1876  249
35   1    4 1877  803
35   1    4 1878  805
35   1    4  188 1390
35   1    4 1889  934
35   1    4 1896  721
35   1    4 1897  215
35   1    4 1898 1223
35   1    4 1901  288
35   1    4 1909  898
35   1    4 1910  888
35   1    4 1913  743
35   1    4 1914 1659
35   1    4 1914  174
35   1    4 1914  384
35   1    4 1914   59
35   1    4 1916  771
35   1    4 1917 1179
35   1    4 1917  446
35   1    4 1919 1444
35   1    4 1920  949
35   1    4 1926 1665
35   1    4 1928  663
35   1    4 1930  387
35   1    4 1933 1592
35   1    4 1933  957
35   1    4 1934  564
35   1    4 1935 1203
35   1    4 1935  249
35   1    4 1937 1328
35   1    4 1938  541
35   1    4 1939 1503
35   1    4 1939  894
35   1    4 1942 1011
35   1    4 1942 1487
35   1    4 1944 1035
35   1    4 1946  948
35   1    4 1948 1208
35   1    4 1948  149
35   1    4 1948  761
35   1    4 1949  682
35   1    4 1949  999
35  1   4 195 888
35   1    4 1951 1125
35   1    4 1951 1453
35   1    4 1954  245
35   1    4 1955 1071
35   1    4 1955  147
35   1    4 1956  222
35   1    4 1957  738
35   1    4 1958 1168
35   1    4  196 1476
35   1    4 1960 1648
35   1    4 1960  673
35   1    4 1962  748
35   1    4 1964  782
35   1    4 1964  785
35   1    4 1965  569
35   1    4 1967 1069
35   1    4 1967  693
35   1    4 1971  135
35   1    4 1974  728
35   1    4 1974  828
35   1    4 1975  369
35   1    4 1976  486
35   1    4 1977  488
35   1    4 1980  284
35   1    4 1980  313
35   1    4 1981  813
35   1    4 1982  825
35   1    4 1987  890
35   1    4 1991 1154
35   1    4 1991  666
35   1    4 1993 1793
35   1    4 1994  249
35   1    4 1997 1024
35   1    4 2007 1281
35   1    4 2009 1174
35   1    4 2012  370
35   1    4 2013  372
35   1    4 2016  670
35   1    4 2020  373
35   1    4 2029 1282
35   1    4 2030  173
35   1    4 2031  345
35   1    4 2031  965
35   1    4 2032  597
35   1    4 2033  308
35   1    4 2033  601
35   1    4 2034  416
35   1    4 2034  601
35   1    4 2035  157
35   1    4 2035  353
35   1    4 2036  418
35   1    4 2037 1162
35   1    4 2037 1411
35   1    4 2038 1483
35   1    4 2038 1622
35   1    4 2044 1373
35   1    4 2044  732
35   1    4 2046  416
35   1    4 2047  589
35   1    4 2047  591
35   1    4 2049  187
35  1   4 205 522
35   1    4 2050  189
35   1    4 2054  570
35   1    4 2056  957
35   1    4 2058 1341
35   1    4 2058  987
35   1    4 2061  337
35   1    4 2063 1323
35   1    4 2064 1162
35   1    4 2067  635
35   1    4 2068  377
35   1    4  207 1116
35   1    4  207 1745
35   1    4  209 1074
35   1    4  212 1330
35   1    4  212 1332
35   1    4  222 1720
35   1    4  234 1360
35  1   4 239  77
35  1   4 265 517
35   1    4  274 1988
35  1   4 297 487
35   1    4  320 1425
35   1    4  330 1976
35   1    4  366 1321
35   1    4  368 1715
35   1    4  372 1842
35   1    4  391 1841
35   1    4  397 1169
35   1    4  401 1716
35   1    4  409 1451
35   1    4  417 1166
35   1    4  442 1478
35   1    4  471 1290
35  1   4 476  86
35   1    4  513 1391
35   1    4  526 1335
35   1    4  534 1536
35   1    4  585 1820
35  1   4 585 638
35   1    4  591 1721
35  1   4 591 204
35  1   4 592 666
35  1   4 594 569
35   1    4  621 1755
35  1   4 622 784
35   1    4  629 1742
35  1   4 636 326
35   1    4  643 1849
35  1   4 655 824
35   1    4  705 1006
35  1   4 709 698
35  1   4 710 817
35   1    4  734 1064
35  1   4 751 696
35  1   4 763 962
35  1   4 792 254
35   1    4  794 1831
35  1   4 810  40
35  1   4 820 498
35  1   4 827 514
35   1    4  829 1709
35   1    4  857 1295
35  1   4 871 642
35   1    4  893 1241
35  1   4 913 682
35  1   4 917 952
35  1   4 917 975
35   1    4  929 1298
35  1   4 929 300
35   1    4  933 1908
35  1   4  94 301
35   1    4  948 1159
35   1    4  950 1023
35   1    4  950 1419
35  1   4 951 974
35   1    4  967 1401
35   1    4  977 1408
35  1   4 977 621
35   1    4  983 1269
35   1    4  983 1381
35   1    4  989 1036
35  1   4 993 798
35  1   4 997 773
35   1    4  998 1231
35   1    4  998 1821
35  1   4 998 772
35   2    2 1451  973
35   2    2 1582 1468
35   2    2 1682 1467
35   2    2 1791 1850
35   2    2 1798 1666
35   2    2 1834  557
35   2    2 1938  905
35   2    2 1949 1917
35   2    2 1959 2024
35   2    2 2049 1987
35   2    2  459 1907
35   2    2  969 1990
35   2    3 1014 1992
35   2    3  104 1685
35   2    3 1047 1048
35   2    3  110 1688
35   2    3 1136  986
35   2    3 1152 1075
35   2    3 1155  689
35   2    3  119 1599
35   2    3 1212  271
35   2    3 1266 1923
35  2   3 128 262
35   2    3 1295 1203
35  2   3 132 884
35   2    3  134 1806
35  2   3 139  95
35   2    3  153 1949
35   2    3 1695  746
35   2    3 1749  712
35   2    3 1862  603
35   2    3 1866  281
35  2   3 187 740
35   2    3 1902  168
35  2   3 193  38
35  2   3 197 525
35   2    3 2033  731
35   2    3 2046 1607
35  2   3 211 560
35  2   3 259 282
35  2   3 262 891
35  2   3 265 651
35  2   3 278 303
35  2   3 323 966
35  2   3 363 968
35  2   3 376 123
35   2    3  378 1581
35  2   3 411 305
35   2    3  413 1433
35  2   3 422 593
35  2   3 423 185
35   2    3  446 1678
35  2   3 451 344
35  2   3 457 261
35  2   3 490 329
35  2   3 496 292
35   2    3  531 1121
35   2    3  536 1205
35  2   3 596 828
35  2   3 637 445
35  2   3 650 362
35  2   3 668 935
35  2   3 713 602
35  2   3 714 709
35  2   3 745 571
35   2    3  753 1150
35  2   3 790 557
35  2   3 802 416
35   2    3  807 1268
35   2    3  824 1116
35  2   3 831 127
35  2   3 847 645
35  2   3 847 757
35   2    3  917 1750
35  2   3 951 749
35  2   3 954 731
35  2   3 988 755
35   2    4 1041  524
35   2    4 1162  959
35   2    4 1164 1428
35   2    4 1167  651
35   2    4 1191 1282
35   2    4 1246  713
35   2    4 1267 1164
35  2   4 132 707
35   2    4 1395  394
35   2    4 1402  777
35   2    4 1417  779
35   2    4 1433 1813
35  2   4 145 746
35   2    4 1479  700
35   2    4 1497  823
35   2    4 1500  278
35   2    4 1522  856
35   2    4 1557  689
35   2    4 1633  677
35   2    4 1646  647
35   2    4 1709   55
35   2    4 1743 1001
35   2    4 1748  658
35   2    4 1760  760
35   2    4 1761  762
35   2    4 1882 1059
35   2    4 1915  955
35   2    4 1922  722
35   2    4 1937  932
35   2    4 1985 1453
35   2    4 1991  924
35   2    4 1992  470
35   2    4 2006  459
35   2    4 2009 1067
35   2    4 2023  717
35   2    4 2026 1142
35   2    4 2045  684
35   2    4 2051  887
35   2    4 2068  276
35   2    4  369 1008
35   2    4  493 1255
35   2    4  565 1206
35  2   4 608 254
35  2   4 665 450
35  2   4 685 783
35   2    4  709 1009
35   2    4  738 1358
35   2    4  797 1385
35   2    4  853 1812
35   2    4  871 1008
35   2    4  878 1048
35  2   4 880 380
35   2    4  906 1371
35  2   4 919 135
35   2    4  920 1431
35  2   4 960 572
35   2    4  999 1498
35   3    1 1016  957
35   3    1 1281  255
35   3    1 1402  976
35   3    1 1599  591
35   3    1 1944  303
35   3    2 1966 1895
35   3    2 1974 1890
35   3    2 2067 1647
35  3   2 534 367
35  3   2 573 860
35   3    3 1143  861
35   3    3 1218  379
35  3   3 130 858
35   3    3 1318  689
35  3   3 132 179
35  3   3 156 138
35  3   3 160 137
35   3    3 1605  972
35   3    3 1641 1139
35  3   3 174  58
35   3    3 1900  815
35  3   3 198  49
35   3    3 2020 1077
35   3    3 2032  101
35  3   3 208 531
35   3    3  227 1198
35  3   3 256 627
35  3   3 258 298
35  3   3 271 474
35   3    3  275 1938
35   3    3  290 1442
35  3   3 290  85
35  3   3 305 256
35  3   3 321 443
35   3    3  327 1235
35   3    3  335 1783
35  3   3 392  99
35  3   3 425  52
35  3   3 431 305
35  3   3 453 321
35   3    3  475 1229
35  3   3 574 884
35  3   3 579 137
35  3   3 605 405
35  3   3 607 403
35  3   3 614 146
35   3    3  677 1215
35  3   3 687 116
35  3   3 706 335
35  3   3 729 158
35   3    3  737 1099
35  3   3 782 302
35  3   3 815 426
35  3   3 832 275
35  3   3  90 421
35  3   3 924 200
35  3   3 932 247
35  3   3 971 120
35  3   4 112 495
35  3   4 119 161
35   3    4 1258  385
35   3    4 1380  278
35   3    4 1465  231
35   3    4 1609  578
35   3    4 1850  521
35   3    4 1900  517
35  3   4 318 583
35  3   4 380 189
35  3   4 390 355
35  3   4 418 332
35  3   4 423 423
35  3   4 445 197
35  3   4 471 205
35  3   4 473 223
35  3   4 491 251
35  3   4 493 459
35  3   4  57 471
35  3   4 700  37
35  3   4 712  58
35  3   4 758 767
35  3   4 967 518
35   4    1 1102  258
35   4    1 1108 1942
35  4   1 111 966
35   4    1 1146  905
35   4    1 1157  715
35   4    1 1551  742
35   4    1 1572 1254
35   4    1 1576 1627
35   4    1  162 1493
35   4    1  175 1622
35   4    1 1752  552
35   4    1 1795  377
35   4    1 1868  945
35   4    1 1982  997
35   4    1 2025 1649
35   4    1  277 1203
35   4    1  422 1576
35   4    1  469 1628
35   4    1  642 1689
35   4    1  657 1709
35   4    1  657 1969
35  4   1 721 672
35   4    1  809 2010
35   4    1  826 1445
35   4    2 1208  880
35   4    2 1228  245
35   4    2 1295  659
35   4    2 1330 1759
35   4    2 1404  737
35   4    2 1447  523
35   4    2 1481 1235
35   4    2 1595  519
35   4    2 1698  941
35   4    2 1711  909
35   4    2 1714  911
35   4    2 1728  115
35   4    2 1738  216
35   4    2 1745 1152
35   4    2 1767   35
35   4    2 1772 1110
35   4    2 1788 1728
35   4    2 1795 1692
35   4    2 1810  466
35   4    2 1823 1143
35   4    2 1837 1857
35   4    2 1846  747
35   4    2 1908  195
35   4    2 1917 1309
35   4    2 1921  650
35   4    2 1933   93
35   4    2 1939 1077
35   4    2 1942 1789
35   4    2 1947   69
35   4    2 1958  655
35   4    2 1961  162
35   4    2 1965  705
35   4    2 1968 1217
35   4    2 1971   45
35   4    2 1986  220
35   4    2 1988  384
35   4    2 2001 1310
35   4    2 2006  609
35   4    2 2010  808
35   4    2 2011  672
35   4    2 2014 1271
35   4    2 2018  618
35   4    2 2024 1055
35   4    2 2032  891
35   4    2 2034 1090
35   4    2 2038  673
35   4    2 2038  676
35   4    2 2043  735
35   4    2 2047  147
35   4    2 2051 1257
35   4    2 2063  673
35   4    2 2064 1241
35   4    2 2064  186
35   4    2 2066 1056
35   4    2 2066 1058
35   4    2 2081   53
35  4   2 228  47
35  4   2 392 707
35  4   2 544 729
35  4   2 575 461
35   4    2  693 1290
35  4   2 832 877
35   4    2  870 1632
35   4    2  932 1887
35   4    2  945 1217
35   4    2  962 1011
35  4   2 980 998
35   4    2  990 1864
35   4    3 1002  120
35   4    3 1027 1090
35   4    3  108 1608
35  4   3 109 103
35   4    3 1219  485
35   4    3  123 1215
35   4    3 1300  417
35   4    3  143 1797
35  4   3 145 465
35  4   3 225  87
35  4   3 239 374
35   4    3  242 1747
35   4    3  249 1403
35   4    3  253 1125
35   4    3  279 1305
35  4   3 305  43
35  4   3 313  57
35  4   3 314 601
35  4   3 330  62
35   4    3  364 1574
35  4   3 376 448
35  4   3 378 447
35   4    3  392 1286
35   4    3  392 1495
35  4   3 428 128
35  4   3 438 861
35   4    3  443 1292
35   4    3  463 1617
35  4   3 463  53
35   4    3  485 1926
35   4    3  520 1590
35  4   3 608 595
35  4   3 613 574
35  4   3 614 548
35  4   3 614  95
35  4   3 620 264
35  4   3 622  52
35  4   3 648 569
35   4    3  649 1007
35  4   3 676 529
35   4    3  721 1171
35  4   3 738 135
35  4   3 757 192
35   4    3  764 1208
35  4   3 772 524
35  4   3 784 251
35  4   3 787 612
35  4   3 798 220
35  4   3 857 515
35  4   3 860 241
35  4   3 882 173
35   4    3  895 1824
35  4   3 941 678
35  4   3 994 199
35   4    4 1077  273
35   4    4 1149  375
35   4    4 1210  238
35   4    4 1225  524
35   4    4 1233  358
35   4    4 1350  685
35   4    4 1356  859
35   4    4 1396  898
35   4    4 1397  611
35   4    4 1468  786
35   4    4 1495 1053
35   4    4 1497  577
35   4    4 1570  730
35   4    4 1618  301
35   4    4 1619  953
35   4    4 1631  627
35   4    4 1634  324
35   4    4 1675  257
35   4    4 1685  268
35   4    4 1686  268
35   4    4 1688 1106
35   4    4 1690 1401
35   4    4 1713  107
35   4    4 1727  877
35   4    4 1746  743
35   4    4 1763 1989
35   4    4 1764 1183
35   4    4 1779 1082
35   4    4 1780 1080
35   4    4 1783 1144
35   4    4 1792  647
35   4    4 1802  575
35   4    4 1807  625
35   4    4 1809  346
35   4    4 1814  368
35   4    4 1840  847
35   4    4 1865  717
35   4    4 1879  594
35   4    4 1890  639
35   4    4 1993  605
35  4   4 297  73
35  4   4 331 413
35  4   4 572 375
35  4   4 679 352
35  4   4 779  84
35  4   4 907 622
