35   1    1 1039  159
35   1    1 1103 1021
35   1    1 1155  573
35   1    1 1289  249
35   1    1 1542 1006
35   1    1 1715 1784
35  1   1 473 905
35   1    1  589 1797
35   1    1  863 1033
35  1   1 950 535
35   1    2 1197  501
35   1    2 1800  672
35   1    2 1920  374
35   1    2 1938 1690
35   1    2 1984 1004
35  1   2 418 878
35   1    2  494 1303
35  1   2 905 822
35   1    3 1111 1179
35   1    3 1216 1216
35   1    3 1414 1618
35   1    3 1433  423
35   1    3 1716  747
35   1    3 2020 1020
35   1    3 2025  360
35   1    3  357 1615
35   1    3  720 1197
35  1   3 948 501
35  1   3 976 546
35   1    4 1155  451
35   1    4 1200 1138
35   1    4 1409 1369
35   1    4 1512  442
35   1    4 1621  185
35   1    4 1867  260
35  1   4 195 888
35  1   4 297 487
35  1   4 465 276
35  1   4 632 454
35  1   4 808 472
35   2    2 1439  958
35   2    3 1090 1453
35   2    3 1318  660
35   2    3 2041   37
35   2    3  664 1392
35  2   3 695 147
35   2    4 1128  729
35   2    4 1382  469
35   2    4 1492  255
35  2   4 584 552
35  2   4 810 358
35  2   4 828  69
35   3    3 1077  127
35   3    3 1192  371
35   3    3 1401  107
35   3    3 1502  762
35   3    3 1748  362
35   3    3  642 1356
35  3   3 893 632
35  3   3 924 668
35   3    4 1212  513
35   4    1 1490 1274
35   4    2 1006  476
35   4    2 1149 1663
35  4   2 115 301
35   4    2 1296 1423
35   4    2 1304  638
35   4    2 1313 1367
35   4    2 1565  231
35   4    2 1669 1763
35   4    2 1912 1098
35   4    2  457 1608
35  4   2 501  63
35   4    2  847 1627
35  4   2 874 469
35  4   2 911 560
35   4    3 1116  605
35   4    3 1133  802
35   4    3 1181  646
35   4    3 1205  634
35   4    3 1207  272
35   4    3 1349  674
35   4    3 1442  447
35   4    3  182 1112
35  4   3 206 625
35  4   3 393 944
35  4   3 402 758
35  4   3 597 108
35   4    3  692 1375
35   4    3  715 1456
35   4    3  746 1444
35  4   3 986 105
35   4    4 1249  905
35   4    4 1340  873
35   4    4 1358   86
35   4    4 1492  170
35   4    4 1723  368
35   4    4 1787  304
35   4    4 1787  355
35   4    4 1817 1460
35   4    4 1952  578
35   4    4 1960  757
35   4    4 2031  257
35  4   4 505 498
35   4    4  835 1701
35  4   4 850 789
