36   1    1 1006  457
36   1    1 1015  338
36   1    1 1044 2019
36   1    1 1101  618
36   1    1 1175 1417
36   1    1 1176 1131
36   1    1 1268 1301
36   1    1 1291  839
36   1    1 1306  856
36   1    1 1320 1605
36   1    1 1398 1301
36   1    1 1432 1186
36   1    1 1511  148
36   1    1 1517 1680
36   1    1 1563 1103
36   1    1 1648 2002
36   1    1 1660 2014
36   1    1 1662 1986
36   1    1 1667 1849
36   1    1 1668  982
36   1    1 1715 1784
36   1    1 1747  785
36   1    1  176 1297
36   1    1 1764 1188
36   1    1 1805 2036
36   1    1 1811  905
36   1    1 1823 1963
36   1    1 1852 1985
36   1    1 1859 1282
36   1    1 1879 1814
36   1    1  190 1123
36   1    1 1911  459
36   1    1 1919 1057
36   1    1 1932 1408
36   1    1 1947 1421
36   1    1 1996  697
36   1    1  202 1518
36   1    1 2029 1010
36   1    1 2029 1338
36   1    1 2045  841
36   1    1 2045  843
36   1    1 2049  976
36   1    1 2060  727
36   1    1  208 1371
36  1   1 261 471
36   1    1  287 2035
36   1    1  289 1336
36  1   1 292 296
36   1    1  306 1118
36  1   1 310 702
36   1    1  318 1846
36   1    1  364 1490
36  1   1 401 935
36   1    1  442 1595
36   1    1  446 1027
36   1    1  451 1596
36   1    1  455 1409
36   1    1  459 1986
36  1   1 468 922
36   1    1  583 1811
36   1    1  596 1151
36   1    1  618 1132
36  1   1 618 922
36   1    1  619 1862
36   1    1  623 1144
36   1    1  637 1589
36  1   1 673 904
36   1    1  687 1092
36   1    1   70 1792
36   1    1  726 1118
36   1    1  759 1063
36   1    1  777 1056
36   1    1  800 1004
36   1    1  836 1622
36   1    1   84 1511
36   1    1  868 1640
36   1    1  879 1838
36  1   1 900 139
36   1    1  934 2014
36   1    1  956 1259
36   1    2 1006 1398
36   1    2 1029 1809
36   1    2 1111  245
36   1    2 1132 1687
36   1    2 1137 1880
36   1    2  118 1079
36   1    2 1189 1607
36   1    2 1304  898
36   1    2 1405 1855
36   1    2 1405 2028
36   1    2 1481 1887
36   1    2 1515  487
36   1    2 1520  764
36   1    2 1524  627
36   1    2 1613  261
36  1   2 166 410
36   1    2 1688 1807
36   1    2 1744 1069
36   1    2 1768 1209
36   1    2  182 1200
36   1    2 1820 1106
36   1    2 1911  214
36   1    2 1957  666
36   1    2 1983 1657
36   1    2 2000 1749
36  1   2 244 675
36  1   2 250 608
36   1    2  262 1292
36  1   2 317 129
36  1   2 321 874
36   1    2  325 1402
36  1   2 349 558
36  1   2 349 962
36  1   2 428 810
36   1    2  451 1118
36   1    2  452 1182
36   1    2  478 1834
36  1   2  50 782
36  1   2 515 808
36  1   2  56 878
36  1   2 603 770
36  1   2 653 815
36   1    2  665 1917
36  1   2 667 855
36  1   2  68 929
36   1    2  844 1631
36   1    2  862 1561
36   1    2  899 1001
36   1    2  934 1006
36   1    2  934 2025
36  1   2 945 189
36  1   2 970 411
36   1    3 1016 1389
36   1    3 1027 1365
36   1    3 1033 1642
36   1    3 1093 1526
36   1    3 1096  759
36   1    3 1103  402
36   1    3 1124  145
36   1    3 1128 1722
36   1    3 1144 1793
36   1    3 1147 1521
36   1    3 1152 1788
36   1    3 1154 1131
36   1    3 1155  169
36   1    3 1155 1784
36   1    3 1166 1199
36   1    3 1181 1441
36   1    3 1181  196
36   1    3 1192  230
36   1    3 1208 1395
36   1    3 1211 1443
36   1    3 1228 1088
36   1    3 1232 1721
36   1    3 1234 1898
36   1    3 1238  937
36   1    3 1254  150
36   1    3 1264 1273
36   1    3 1270 1370
36   1    3 1280 1504
36   1    3 1284 1683
36   1    3 1286  333
36   1    3 1297 1823
36   1    3 1336  927
36   1    3 1343 1505
36   1    3 1356 1258
36   1    3 1364 1264
36   1    3 1379 2021
36   1    3 1381 1082
36   1    3 1398  812
36   1    3 1402 1309
36   1    3 1424 1209
36   1    3 1432 1428
36   1    3 1441  229
36   1    3 1446 1489
36   1    3 1451  126
36   1    3 1459 1615
36   1    3 1463 1105
36   1    3 1479 1821
36   1    3 1482  369
36   1    3 1508   95
36   1    3 1518 1811
36   1    3 1524  194
36   1    3 1529 1425
36   1    3 1554 1384
36   1    3 1578 1471
36   1    3 1630 1830
36   1    3 1634  496
36   1    3  165 1420
36   1    3  165 1757
36   1    3 1658  695
36  1   3 166 970
36   1    3 1661  754
36   1    3 1694  941
36   1    3 1696 1375
36   1    3 1697 1313
36   1    3 1700 1435
36   1    3 1707  376
36   1    3 1720 1166
36   1    3 1721  642
36   1    3 1727 1282
36   1    3 1735   46
36   1    3 1766  876
36   1    3 1796 1245
36   1    3 1815  702
36   1    3 1817 1706
36   1    3 1824 1588
36   1    3  183 1487
36   1    3 1832  121
36   1    3 1874  423
36   1    3 1905 1239
36   1    3 1910   44
36   1    3  192 1456
36   1    3 1924  673
36   1    3 1925 1705
36   1    3 1946 1543
36   1    3 1951 1660
36   1    3 1992  671
36   1    3 2004 1827
36   1    3 2022 1089
36   1    3 2027  758
36   1    3 2052 1117
36   1    3 2064  279
36   1    3 2067 1696
36   1    3 2072  303
36   1    3 2075 1676
36  1   3 215 791
36   1    3  276 1197
36   1    3  306 1055
36   1    3  320 1329
36   1    3  320 1977
36  1   3 408 162
36  1   3 411 566
36   1    3  415 1109
36   1    3  418 1917
36  1   3 441 856
36  1   3 448 813
36   1    3  454 1113
36   1    3  477 1864
36   1    3  488 1735
36  1   3 558 448
36  1   3 573 442
36  1   3 611  91
36   1    3  615 1256
36  1   3 661 225
36   1    3  676 2016
36   1    3  770 1975
36   1    3  772 1975
36   1    3  800 1068
36   1    3  811 1472
36  1   3 827 690
36   1    3  831 1715
36   1    3  850 1260
36   1    3  851 2017
36   1    3  868 1900
36   1    3  914 1086
36   1    3  958 1837
36   1    3  960 1279
36   1    3  970 1539
36  1   3 997  46
36   1    4  103 1326
36   1    4 1053 1694
36   1    4 1120  877
36   1    4 1146 1840
36   1    4 1152   39
36   1    4 1154 1732
36   1    4 1192 1283
36   1    4 1229 1806
36   1    4 1229 1867
36   1    4 1248  708
36   1    4 1250 1149
36   1    4 1270 1931
36   1    4 1273 1739
36   1    4 1288 1106
36   1    4 1378 1328
36   1    4 1393 1721
36   1    4 1427  579
36   1    4 1445 1929
36   1    4 1453 1445
36   1    4 1463 1922
36   1    4 1519 1620
36   1    4 1525 1890
36   1    4 1528 1936
36   1    4 1568 1191
36   1    4  163 1203
36   1    4 1640  645
36   1    4  165 1609
36   1    4 1757 1404
36   1    4 1807  651
36   1    4  184 1829
36   1    4 1850 1106
36   1    4 1852  842
36   1    4 1855 1111
36   1    4 1869 1891
36   1    4 1874 1715
36   1    4 1893  580
36   1    4 1894 1617
36   1    4 1953 1099
36   1    4 1965  414
36   1    4 2011 1477
36   1    4 2011   97
36   1    4 2055 1340
36  1   4 218 537
36  1   4 240 682
36  1   4 240 890
36   1    4  288 1623
36  1   4 295 846
36   1    4  367 1853
36   1    4  381 1976
36  1   4 405 715
36   1    4  415 1759
36  1   4 446 706
36   1    4  493 1214
36   1    4   57 1908
36  1   4 595 935
36  1   4 640 925
36   1    4  655 1896
36   1    4  668 1569
36   1    4  748 2025
36   1    4  749 1579
36  1   4 751 505
36   1    4  812 1122
36  1   4 816 386
36   1    4  869 1203
36  1   4 900 407
36   1    4  926 1674
36   1    4  947 1156
36   1    4   96 1498
36   1    4  993 1711
36   2    1 1486  989
36   2    1 1832 1359
36   2    1  188 1556
36   2    1 2005 1831
36   2    2  131 1303
36   2    2 1944 1504
36   2    2 2024 1570
36   2    2  632 1755
36   2    3 1355  922
36   2    3 1499 1916
36   2    3 1509  396
36   2    3 1785 1097
36   2    3 1875 1172
36   2    3 1878  600
36   2    3 1928 1084
36  2   3 232 966
36  2   3 390 863
36  2   3 429 715
36  2   3 502 993
36   2    3  641 1310
36  2   3 950 483
36   2    4 1018 1392
36   2    4 1024  790
36   2    4 1052  769
36   2    4 1089 1963
36   2    4 1159 1323
36   2    4 1406  217
36   2    4 1420   64
36   2    4 1492  488
36   2    4 1515 2018
36   2    4 1515  496
36   2    4 1960  671
36   2    4 1981 1616
36  2   4 217 891
36   2    4  220 1954
36  2   4 226 522
36  2   4 227 897
36   2    4  231 1093
36   2    4  281 1249
36  2   4 293 606
36  2   4 349 887
36   2    4  351 1765
36   2    4  378 2020
36   2    4  382 1891
36   2    4  388 1601
36   2    4  389 1977
36  2   4 409 172
36  2   4 698 457
36  2   4 754 560
36   2    4  860 2017
36   3    2 1243 1235
36   3    2 1380 1266
36   3    3 1192  989
36  3   3 291 797
36  3   3 562 841
36  3   3 721 546
36  3   3 976 945
36  3   3 984 693
36   3    4 1125  228
36   3    4 1505  320
36   3    4 1994  453
36  3   4 294 328
36  3   4 510 566
36   4    1 1086 1077
36   4    1 1142 1739
36   4    1 1342 1326
36   4    1 1527 1164
36   4    1 1746  508
36   4    1 1857  380
36   4    1 1986 1392
36   4    1  416 2046
36   4    1   57 1935
36   4    1  692 1808
36   4    1   93 1384
36   4    2 1023 1928
36   4    2 1298 1529
36   4    2 1432  886
36   4    2 1497  695
36   4    2 1892 1302
36   4    2 2076 1545
36  4   2 227 385
36  4   2 552 215
36  4   2 907 959
36  4   2 951  48
36   4    2  978 1149
36   4    3 1132 1260
36   4    3 1136 1371
36   4    3 1232  809
36   4    3 1288 1287
36   4    3 1341 1663
36   4    3 1411 1309
36   4    3 1608  471
36   4    3 1608  477
36   4    3 1643  365
36   4    3 1649  401
36   4    3 1669  381
36   4    3 1688  573
36   4    3 1691  393
36   4    3 1691  398
36   4    3 1698  357
36   4    3 1698  363
36   4    3 1699  334
36   4    3 1717  367
36   4    3 1717  651
36   4    3 1719  491
36   4    3 1719  496
36   4    3 1723  454
36   4    3 1736  465
36   4    3 1740  380
36   4    3 1745  158
36   4    3 1773  506
36   4    3 1788  513
36   4    3 1813  960
36   4    3 1820  503
36   4    3 1829  495
36   4    3 1837  491
36   4    3 1847  472
36   4    3 1847  505
36   4    3 1860  466
36   4    3 1885  467
36   4    3 1885  472
36   4    3 1913  497
36   4    3 1936  143
36   4    3 1936  147
36   4    3 1936  480
36   4    3 1974  486
36   4    3 2023  502
36   4    3 2063  346
36   4    3 2063  352
36   4    3 2075  356
36   4    3  250 1885
36  4   3 551 465
36   4    3  558 1384
36  4   3 689 970
36   4    3  695 1000
36   4    3  799 1418
36   4    3   87 1859
36   4    3  911 1943
36  4   3 968 632
36   4    3  977 1479
36   4    3  977 1525
36   4    3  978 1453
36   4    3  978 1456
36   4    3  978 1833
36   4    3  978 1903
36   4    4 1640  649
36   4    4 1640  654
36   4    4 1642  641
36   4    4 1645  712
36   4    4 1649  688
36   4    4 1649  692
36   4    4 1654  625
36   4    4 1659  728
36   4    4 1664  560
36   4    4 1664  564
36   4    4 1667  795
36   4    4 1671  592
36   4    4 1678  599
36   4    4 1689  900
36   4    4 1689  904
36   4    4 1691  739
36   4    4 1691  744
36   4    4 1695  532
36   4    4 1695  536
36   4    4 1698  779
36   4    4 1715  555
36   4    4 1721  560
36   4    4 1728  826
36   4    4 1747  752
36   4    4 1747  805
36   4    4 1756  796
36   4    4 1760  803
36   4    4 1760  807
36   4    4 1771  653
36   4    4 1776  563
36   4    4 1785  600
36   4    4 1801  618
36   4    4 1803  758
36   4    4 1813 1655
36   4    4 1815  649
36   4    4 1816  622
36   4    4 1822  701
36   4    4 1822  705
36   4    4 1826  725
36   4    4 1826  730
36   4    4 1830  669
36   4    4 1834  746
36   4    4 1834  750
36   4    4 1834  885
36   4    4 1871  840
36   4    4 1886  747
36   4    4 1887  610
36   4    4 1887  835
36   4    4 1981 1228
