36   1    1 1237 1260
36   1    1  190 1121
36   2    3 2031 1086
36   2    4 2010  332
36  2   4 316 595
36   2    4  506 1851
36   3    2  956 1002
36  3   3 291 797
36   4    1 1155 1760
36   4    1 1668  553
36   4    1 1722  406
36  4   1 957 820
36   4    2  112 1668
36   4    2 1302 1843
36   4    2 1892 1302
36  4   2 339 517
36  4   2 367 518
36  4   2 400 408
36  4   2 502 505
36  4   2 516 508
36  4   2 630 190
36   4    2  766 1242
36   4    3  875 1367
36   4    4 1795 1320
