1 1 1015 1299
1 1 1017 209
1 1 103 669
1 1 1041 976
1 1 1070 1849
1 1 1074 997
1 1 1083 247
1 1 1094 1968
1 1 1114 647
1 1 1134 1270
1 1 114 1545
1 1 1146 1070
1 1 1150 752
1 1 1155 680
1 1 1162 579
1 1 1191 301
1 1 1195 1953
1 1 1197 1064
1 1 1199 1709
1 1 120 927
1 1 1202 1889
1 1 1207 948
1 1 121 500
1 1 1213 627
1 1 1216 185
1 1 1223 1324
1 1 1224 1074
1 1 1237 278
1 1 1258 707
1 1 1276 1413
1 1 1310 866
1 1 1313 1382
1 1 1319 172
1 1 133 1511
1 1 1347 561
1 1 1354 1677
1 1 1387 831
1 1 140 1810
1 1 1417 42
1 1 1425 1350
1 1 1426 2005
1 1 1449 1027
1 1 1456 777
1 1 1468 114
1 1 147 1079
1 1 1470 1109
1 1 1476 1884
1 1 1478 1234
1 1 1510 708
1 1 1525 425
1 1 1539 1960
1 1 1592 204
1 1 1639 137
1 1 1645 1203
1 1 1660 1736
1 1 1669 361
1 1 1698 1018
1 1 1699 1104
1 1 1707 223
1 1 1709 221
1 1 1736 1337
1 1 1746 908
1 1 1754 775
1 1 1793 1006
1 1 1797 170
1 1 182 476
1 1 1856 1329
1 1 186 706
1 1 1861 806
1 1 1877 1983
1 1 188 707
1 1 1900 475
1 1 1904 342
1 1 1940 395
1 1 1950 285
1 1 1981 1481
1 1 200 1205
1 1 2018 468
1 1 2049 55
1 1 2056 1748
1 1 2061 697
1 1 2062 1617
1 1 2071 1065
1 1 217 888
1 1 221 437
1 1 228 1087
1 1 237 618
1 1 250 514
1 1 252 989
1 1 261 470
1 1 261 472
1 1 278 291
1 1 283 481
1 1 299 1036
1 1 310 702
1 1 319 1861
1 1 321 916
1 1 330 461
1 1 339 487
1 1 374 414
1 1 380 395
1 1 391 670
1 1 398 745
1 1 401 486
1 1 494 115
1 1 495 639
1 1 496 102
1 1 519 1684
1 1 525 1385
1 1 542 1907
1 1 55 37
1 1 552 841
1 1 575 862
1 1 589 415
1 1 593 321
1 1 595 551
1 1 601 71
1 1 610 93
1 1 666 692
1 1 669 297
1 1 671 222
1 1 677 992
1 1 700 1225
1 1 700 1229
1 1 716 1275
1 1 727 907
1 1 730 268
1 1 733 800
1 1 741 751
1 1 757 628
1 1 764 1950
1 1 771 737
1 1 792 152
1 1 794 1153
1 1 795 459
1 1 809 365
1 1 820 65
1 1 820 668
1 1 848 85
1 1 857 824
1 1 868 243
1 1 871 425
1 1 895 93
1 1 912 570
1 1 914 861
1 1 914 863
1 1 922 255
1 1 923 115
1 1 925 778
1 1 958 895
1 1 963 44
1 1 965 726
1 1 975 380
1 1 978 1839
1 1 988 1319
1 2 1009 379
1 2 1013 1737
1 2 1014 1710
1 2 1014 1734
1 2 1028 484
1 2 103 946
1 2 1032 1188
1 2 1032 432
1 2 1036 1099
1 2 1044 1022
1 2 1047 694
1 2 107 514
1 2 1099 39
1 2 1111 234
1 2 1140 582
1 2 1162 1886
1 2 117 125
1 2 1182 626
1 2 1187 489
1 2 119 1050
1 2 1209 1986
1 2 1241 74
1 2 1250 219
1 2 1264 880
1 2 1270 361
1 2 1281 1786
1 2 1349 226
1 2 1361 1071
1 2 137 203
1 2 1405 1142
1 2 1405 1144
1 2 1407 1973
1 2 1410 1797
1 2 1453 452
1 2 1467 167
1 2 1467 1930
1 2 1493 1805
1 2 1495 103
1 2 1513 549
1 2 1516 1772
1 2 1534 629
1 2 1543 1342
1 2 1548 426
1 2 1552 743
1 2 1556 298
1 2 1556 96
1 2 1566 727
1 2 1572 850
1 2 1623 1198
1 2 1649 367
1 2 165 1175
1 2 1650 1191
1 2 1685 76
1 2 1719 1105
1 2 1768 1694
1 2 179 1257
1 2 1821 744
1 2 1824 386
1 2 1831 34
1 2 1861 442
1 2 1863 588
1 2 1872 1429
1 2 188 1321
1 2 189 1997
1 2 1894 1385
1 2 1898 162
1 2 1949 955
1 2 1956 668
1 2 1957 1726
1 2 1985 1661
1 2 2003 476
1 2 2004 1083
1 2 2032 392
1 2 2041 535
1 2 2044 1620
1 2 2047 819
1 2 205 1141
1 2 208 1118
1 2 221 1068
1 2 241 1110
1 2 248 1141
1 2 248 1145
1 2 256 1428
1 2 276 1127
1 2 276 1546
1 2 281 1357
1 2 290 1199
1 2 293 43
1 2 297 1492
1 2 297 301
1 2 298 304
1 2 300 1356
1 2 303 1437
1 2 307 1121
1 2 315 1523
1 2 317 669
1 2 318 1800
1 2 319 1077
1 2 326 1977
1 2 330 1882
1 2 331 1111
1 2 345 86
1 2 352 1966
1 2 355 344
1 2 385 1192
1 2 400 655
1 2 401 1115
1 2 423 1971
1 2 430 295
1 2 432 1813
1 2 434 1812
1 2 471 1742
1 2 474 807
1 2 480 1040
1 2 487 871
1 2 491 850
1 2 499 1291
1 2 501 204
1 2 512 1015
1 2 522 892
1 2 523 689
1 2 527 647
1 2 543 110
1 2 555 1538
1 2 558 1540
1 2 577 1499
1 2 601 602
1 2 606 142
1 2 630 341
1 2 633 411
1 2 664 1891
1 2 673 401
1 2 681 1920
1 2 684 86
1 2 688 566
1 2 696 238
1 2 711 1114
1 2 712 786
1 2 727 1833
1 2 728 46
1 2 729 896
1 2 737 206
1 2 740 513
1 2 758 394
1 2 765 370
1 2 767 402
1 2 768 405
1 2 785 1173
1 2 786 1657
1 2 811 1902
1 2 811 50
1 2 812 1843
1 2 827 160
1 2 835 1666
1 2 847 1131
1 2 858 1697
1 2 867 1017
1 2 928 1254
1 2 937 1628
1 2 938 964
1 2 941 1222
1 2 942 889
1 2 948 499
1 2 950 1910
1 2 957 1521
1 2 958 61
1 2 96 732
1 2 962 335
1 2 964 1370
1 2 981 1930
1 2 985 105
1 2 987 171
1 2 987 434
1 2 999 481
1 3 1008 829
1 3 1023 1505
1 3 1033 652
1 3 1079 1848
1 3 1083 1942
1 3 1115 707
1 3 1188 293
1 3 123 1479
1 3 1236 1391
1 3 1239 561
1 3 1245 755
1 3 1342 731
1 3 1412 1614
1 3 1441 638
1 3 1517 1168
1 3 1532 208
1 3 1538 1408
1 3 157 900
1 3 165 567
1 3 1658 696
1 3 1731 1963
1 3 1740 1386
1 3 176 2006
1 3 1781 1099
1 3 1790 516
1 3 1844 1828
1 3 1860 806
1 3 1910 43
1 3 1913 2002
1 3 1925 487
1 3 1953 1208
1 3 1979 119
1 3 198 1675
1 3 1980 1771
1 3 1982 1815
1 3 1989 329
1 3 1993 2011
1 3 200 834
1 3 2002 1819
1 3 2012 1961
1 3 2018 1832
1 3 2018 1834
1 3 2025 1775
1 3 2054 1939
1 3 2076 180
1 3 2080 693
1 3 228 1365
1 3 231 871
1 3 287 881
1 3 287 953
1 3 330 1043
1 3 348 1008
1 3 358 1014
1 3 386 1401
1 3 411 903
1 3 421 885
1 3 427 772
1 3 430 1946
1 3 465 1413
1 3 511 839
1 3 531 1519
1 3 540 840
1 3 593 614
1 3 612 654
1 3 631 617
1 3 637 782
1 3 656 1057
1 3 672 1516
1 3 672 582
1 3 673 1972
1 3 675 614
1 3 683 793
1 3 685 830
1 3 717 769
1 3 729 121
1 3 730 1976
1 3 799 645
1 3 816 1840
1 3 838 1732
1 3 844 911
1 3 917 1027
1 3 922 1310
1 3 949 287
1 4 1001 1305
1 4 1001 907
1 4 1005 1691
1 4 1007 1256
1 4 1018 1830
1 4 1019 355
1 4 1038 1425
1 4 1042 1366
1 4 1049 1299
1 4 1049 343
1 4 1065 1388
1 4 1100 889
1 4 1111 72
1 4 1119 877
1 4 1120 876
1 4 1123 756
1 4 1125 1133
1 4 1126 1134
1 4 1138 923
1 4 1152 38
1 4 1163 1290
1 4 1168 614
1 4 1171 1082
1 4 1203 1834
1 4 1235 505
1 4 1241 175
1 4 1241 611
1 4 1242 788
1 4 1259 1631
1 4 1270 454
1 4 1277 541
1 4 1281 442
1 4 130 1063
1 4 1306 474
1 4 1308 419
1 4 1309 1353
1 4 1324 1035
1 4 1333 543
1 4 1334 1637
1 4 1399 1926
1 4 1399 923
1 4 1404 1772
1 4 1423 443
1 4 1453 467
1 4 1457 800
1 4 1466 1148
1 4 1473 840
1 4 1490 1999
1 4 1495 514
1 4 1501 1162
1 4 1506 923
1 4 1507 1236
1 4 1517 1584
1 4 1518 652
1 4 1520 1231
1 4 1530 1579
1 4 1535 1140
1 4 1542 540
1 4 1544 41
1 4 1548 503
1 4 1548 87
1 4 1549 1456
1 4 1559 1264
1 4 1559 218
1 4 1573 1509
1 4 1593 1271
1 4 1618 774
1 4 1619 771
1 4 163 1202
1 4 1637 206
1 4 1641 644
1 4 1643 450
1 4 1649 193
1 4 1651 43
1 4 1657 238
1 4 1678 469
1 4 1680 412
1 4 1681 414
1 4 1686 1498
1 4 1690 90
1 4 1694 1483
1 4 1697 1427
1 4 1697 705
1 4 1706 231
1 4 1707 197
1 4 1726 134
1 4 1729 1642
1 4 1733 486
1 4 1738 1216
1 4 1746 413
1 4 1746 415
1 4 1758 217
1 4 1760 980
1 4 1761 1168
1 4 1764 1471
1 4 1789 851
1 4 1806 1029
1 4 1822 1174
1 4 1823 418
1 4 1825 482
1 4 1837 955
1 4 1848 1059
1 4 1853 712
1 4 1857 446
1 4 1862 194
1 4 1867 298
1 4 1871 1811
1 4 1878 217
1 4 1902 1610
1 4 1913 1430
1 4 1925 942
1 4 1937 1036
1 4 1937 925
1 4 1941 71
1 4 1945 450
1 4 1957 65
1 4 1958 62
1 4 1965 413
1 4 1979 66
1 4 198 1893
1 4 1987 1362
1 4 1991 103
1 4 1991 77
1 4 1994 829
1 4 1998 799
1 4 2005 78
1 4 2006 723
1 4 2009 1250
1 4 2016 133
1 4 2016 1591
1 4 2017 152
1 4 2017 155
1 4 2018 1069
1 4 2022 141
1 4 2029 157
1 4 2029 420
1 4 2031 994
1 4 2037 41
1 4 2040 414
1 4 2049 130
1 4 2051 371
1 4 2053 723
1 4 2055 1238
1 4 2063 802
1 4 208 1586
1 4 243 1613
1 4 243 1615
1 4 264 1683
1 4 268 1576
1 4 270 1609
1 4 302 1894
1 4 338 1997
1 4 413 1457
1 4 434 1306
1 4 466 1913
1 4 493 1213
1 4 513 1391
1 4 513 1392
1 4 518 791
1 4 530 645
1 4 530 647
1 4 607 1821
1 4 607 1944
1 4 612 1768
1 4 655 1895
1 4 656 1885
1 4 670 1869
1 4 670 1871
1 4 675 1903
1 4 706 1669
1 4 776 250
1 4 803 467
1 4 807 1743
1 4 811 1988
1 4 828 948
1 4 829 229
1 4 852 324
1 4 868 1741
1 4 892 1698
1 4 894 1079
1 4 931 1805
1 4 937 1267
1 4 949 1698
1 4 976 1634
1 4 992 1366
1 4 996 1701
1 4 998 772
2 1 1016 1399
2 1 1044 187
2 1 1047 1279
2 1 1084 1937
2 1 1086 1111
2 1 1133 450
2 1 1134 1249
2 1 1137 851
2 1 1145 1477
2 1 1147 1208
2 1 1176 1139
2 1 1178 1651
2 1 1183 391
2 1 120 1903
2 1 1206 1067
2 1 1206 1775
2 1 1212 1089
2 1 1225 1525
2 1 1242 1839
2 1 1267 984
2 1 1275 1975
2 1 1282 190
2 1 131 45
2 1 1320 270
2 1 1331 1559
2 1 1339 325
2 1 1365 77
2 1 1379 395
2 1 1392 696
2 1 1394 1694
2 1 1395 1295
2 1 1402 601
2 1 1432 274
2 1 1467 1456
2 1 1520 960
2 1 1569 856
2 1 158 1964
2 1 1656 1703
2 1 1677 339
2 1 1679 587
2 1 1826 639
2 1 1849 721
2 1 1851 1650
2 1 1866 577
2 1 1878 622
2 1 1921 662
2 1 1955 257
2 1 1963 1845
2 1 1973 805
2 1 2025 57
2 1 2031 938
2 1 2037 1268
2 1 2041 252
2 1 2061 1635
2 1 207 1312
2 1 218 1806
2 1 230 876
2 1 241 473
2 1 254 1094
2 1 254 900
2 1 307 1073
2 1 367 706
2 1 394 73
2 1 444 1570
2 1 461 341
2 1 485 819
2 1 524 1361
2 1 535 402
2 1 544 1371
2 1 544 1376
2 1 568 1238
2 1 578 1474
2 1 604 1513
2 1 632 1870
2 1 642 1264
2 1 643 1391
2 1 674 1526
2 1 719 965
2 1 720 1390
2 1 757 294
2 1 770 1071
2 1 777 360
2 1 778 155
2 1 783 200
2 1 792 1426
2 1 802 1113
2 1 810 376
2 1 811 1521
2 1 826 1513
2 1 831 1099
2 1 836 1110
2 1 849 1525
2 1 910 985
2 1 922 118
2 1 925 1475
2 1 925 1563
2 1 96 798
2 1 963 184
2 1 968 391
2 2 1012 1489
2 2 1097 1778
2 2 110 474
2 2 1129 857
2 2 1136 1677
2 2 1137 1680
2 2 1139 1128
2 2 1164 428
2 2 1207 685
2 2 1235 109
2 2 1254 1565
2 2 1265 680
2 2 1277 483
2 2 1284 1619
2 2 1294 265
2 2 1296 1690
2 2 1317 1296
2 2 1328 272
2 2 1343 557
2 2 1369 1438
2 2 1409 1175
2 2 1409 1177
2 2 1416 1162
2 2 1430 602
2 2 148 1896
2 2 150 377
2 2 1536 998
2 2 1680 1842
2 2 1703 1701
2 2 1735 645
2 2 1745 1309
2 2 1761 400
2 2 1763 1850
2 2 1784 657
2 2 1811 380
2 2 1813 626
2 2 1819 1734
2 2 184 2000
2 2 1867 1305
2 2 1885 368
2 2 1924 502
2 2 1943 1104
2 2 1948 1297
2 2 202 956
2 2 228 758
2 2 253 232
2 2 255 518
2 2 276 1259
2 2 298 1690
2 2 315 142
2 2 349 1675
2 2 362 364
2 2 375 1826
2 2 392 477
2 2 402 544
2 2 418 617
2 2 425 573
2 2 428 1607
2 2 429 329
2 2 439 1664
2 2 440 737
2 2 449 649
2 2 453 403
2 2 479 404
2 2 479 536
2 2 491 688
2 2 492 66
2 2 497 1150
2 2 497 597
2 2 504 379
2 2 504 749
2 2 509 614
2 2 530 568
2 2 557 1764
2 2 557 1939
2 2 558 59
2 2 581 1840
2 2 597 724
2 2 608 214
2 2 631 1882
2 2 637 279
2 2 639 1840
2 2 654 146
2 2 692 1907
2 2 699 667
2 2 745 1170
2 2 764 991
2 2 789 428
2 2 807 1842
2 2 855 311
2 2 859 1403
2 2 862 1815
2 2 889 155
2 2 917 1866
2 2 947 362
2 2 968 1454
2 2 972 100
2 2 98 577
2 2 981 1452
2 2 985 1525
2 3 1017 270
2 3 1017 820
2 3 1071 1651
2 3 1073 1805
2 3 1081 1139
2 3 1081 1890
2 3 1086 1857
2 3 1092 1258
2 3 1105 1724
2 3 1120 1420
2 3 1128 230
2 3 1129 549
2 3 1129 87
2 3 1136 297
2 3 1142 286
2 3 1145 435
2 3 1146 1626
2 3 1152 266
2 3 1152 73
2 3 1152 76
2 3 1157 413
2 3 1168 1717
2 3 1169 1807
2 3 1183 292
2 3 1192 362
2 3 1194 278
2 3 1273 1903
2 3 1279 880
2 3 1294 310
2 3 1300 316
2 3 1344 1910
2 3 138 1868
2 3 1402 247
2 3 1404 50
2 3 1404 54
2 3 1407 507
2 3 1407 510
2 3 142 259
2 3 1427 506
2 3 1441 177
2 3 1448 64
2 3 1456 73
2 3 1463 53
2 3 1464 1906
2 3 1471 362
2 3 148 289
2 3 1481 287
2 3 149 1430
2 3 1491 67
2 3 1496 207
2 3 1501 1066
2 3 1513 1798
2 3 1517 351
2 3 1518 391
2 3 1518 394
2 3 1522 364
2 3 1529 389
2 3 1534 218
2 3 1543 1485
2 3 1543 1988
2 3 1563 1898
2 3 1568 1454
2 3 1582 1247
2 3 1657 1718
2 3 1663 1719
2 3 1696 1311
2 3 1763 1396
2 3 1792 1673
2 3 1815 1526
2 3 1825 1909
2 3 1827 1872
2 3 1838 1764
2 3 1859 1989
2 3 1861 1763
2 3 187 1883
2 3 1888 683
2 3 1907 1350
2 3 1907 1355
2 3 191 75
2 3 1925 1285
2 3 1982 1362
2 3 1983 350
2 3 1994 520
2 3 2004 1938
2 3 2025 344
2 3 2026 768
2 3 2059 1929
2 3 206 570
2 3 216 2030
2 3 227 233
2 3 228 2004
2 3 268 932
2 3 288 384
2 3 384 319
2 3 396 708
2 3 400 706
2 3 409 375
2 3 469 786
2 3 482 1619
2 3 507 1014
2 3 544 411
2 3 550 362
2 3 659 1624
2 3 665 1392
2 3 681 1116
2 3 692 1373
2 3 693 779
2 3 703 1333
2 3 730 908
2 3 742 989
2 3 745 769
2 3 762 864
2 3 765 1060
2 3 787 888
2 3 806 852
2 3 963 1132
2 3 974 779
2 3 978 290
2 4 1002 984
2 4 1009 122
2 4 1013 145
2 4 103 1182
2 4 1097 657
2 4 1111 1738
2 4 1143 943
2 4 1160 1543
2 4 119 1800
2 4 1190 866
2 4 1207 1005
2 4 1220 1179
2 4 1299 404
2 4 136 137
2 4 136 1963
2 4 153 1549
2 4 154 1547
2 4 1545 64
2 4 155 1883
2 4 1560 62
2 4 1574 204
2 4 1589 1470
2 4 1592 1471
2 4 1609 1114
2 4 1614 1146
2 4 1616 1902
2 4 1651 1340
2 4 1687 132
2 4 1689 1519
2 4 1723 674
2 4 1732 81
2 4 1743 842
2 4 1751 262
2 4 1766 789
2 4 1770 1119
2 4 1780 1044
2 4 1829 1029
2 4 1835 535
2 4 1842 1944
2 4 1860 975
2 4 1863 633
2 4 1899 783
2 4 1907 824
2 4 1933 1411
2 4 1944 217
2 4 1944 464
2 4 1959 1658
2 4 1969 1116
2 4 1983 46
2 4 1989 1073
2 4 2007 1016
2 4 2020 412
2 4 2034 1188
2 4 2037 562
2 4 2055 953
2 4 2072 1414
2 4 2077 892
2 4 212 2005
2 4 232 598
2 4 254 728
2 4 297 1880
2 4 299 1054
2 4 300 1107
2 4 301 1200
2 4 302 987
2 4 357 1499
2 4 360 2007
2 4 381 1205
2 4 389 1947
2 4 410 1063
2 4 426 1499
2 4 426 584
2 4 438 1972
2 4 456 501
2 4 473 1827
2 4 483 1188
2 4 490 1888
2 4 499 873
2 4 534 1960
2 4 549 1955
2 4 578 1865
2 4 615 577
2 4 650 1009
2 4 676 1014
2 4 688 902
2 4 705 1834
2 4 719 1967
2 4 722 767
2 4 751 726
2 4 757 1825
2 4 760 1177
2 4 762 886
2 4 767 1013
2 4 782 187
2 4 793 811
2 4 810 144
2 4 824 1355
2 4 828 797
2 4 829 70
2 4 832 867
2 4 852 1152
2 4 863 1561
2 4 874 1342
2 4 927 1420
2 4 936 1400
2 4 939 1473
2 4 945 162
2 4 95 705
2 4 950 1763
2 4 972 1637
2 4 978 1853
3 1 1022 897
3 1 1032 739
3 1 1043 1546
3 1 1056 226
3 1 1072 350
3 1 1095 363
3 1 1099 1990
3 1 1114 1993
3 1 1118 440
3 1 1126 1934
3 1 1135 444
3 1 1143 1870
3 1 1155 372
3 1 1159 471
3 1 1163 457
3 1 1195 365
3 1 1244 888
3 1 1262 1728
3 1 1263 1731
3 1 1326 139
3 1 1399 468
3 1 1399 818
3 1 142 1844
3 1 1430 682
3 1 1466 1575
3 1 1479 860
3 1 1486 584
3 1 1498 194
3 1 1501 1825
3 1 151 1022
3 1 1525 46
3 1 1528 566
3 1 153 1677
3 1 1539 257
3 1 1539 260
3 1 1539 525
3 1 1540 1399
3 1 1560 125
3 1 1583 689
3 1 1584 1125
3 1 1652 1384
3 1 1652 1646
3 1 167 559
3 1 1680 1564
3 1 1684 1701
3 1 171 829
3 1 176 779
3 1 1778 738
3 1 1802 1133
3 1 1813 1761
3 1 1841 1614
3 1 1843 1086
3 1 1874 1209
3 1 188 202
3 1 1887 168
3 1 1890 1525
3 1 1915 345
3 1 192 1283
3 1 1931 1128
3 1 1933 666
3 1 1933 679
3 1 1944 1039
3 1 1966 1075
3 1 1970 398
3 1 1977 1132
3 1 1994 1590
3 1 1995 1204
3 1 2003 1408
3 1 2009 273
3 1 2010 1602
3 1 2027 1352
3 1 2035 1833
3 1 2037 1433
3 1 2045 1127
3 1 2049 809
3 1 2052 1518
3 1 2054 1470
3 1 2061 858
3 1 2062 1563
3 1 2066 771
3 1 2074 1382
3 1 2077 1381
3 1 208 310
3 1 2080 1244
3 1 254 831
3 1 255 1272
3 1 320 338
3 1 322 232
3 1 325 1486
3 1 335 419
3 1 340 1542
3 1 345 1236
3 1 351 851
3 1 394 1099
3 1 422 104
3 1 435 1089
3 1 445 303
3 1 463 153
3 1 464 680
3 1 488 223
3 1 497 1415
3 1 511 133
3 1 615 1875
3 1 626 1147
3 1 636 141
3 1 665 519
3 1 669 270
3 1 717 1462
3 1 724 1341
3 1 724 1350
3 1 752 1332
3 1 780 239
3 1 799 908
3 1 828 58
3 1 871 749
3 1 886 1555
3 1 890 1130
3 1 896 106
3 1 934 1027
3 1 943 105
3 1 95 1658
3 1 959 160
3 1 960 695
3 1 968 1166
3 1 981 660
3 2 100 1881
3 2 1005 773
3 2 101 1899
3 2 1013 327
3 2 1015 946
3 2 1017 130
3 2 1027 1956
3 2 1036 1585
3 2 1038 1580
3 2 1038 1587
3 2 1038 1843
3 2 1045 245
3 2 1048 901
3 2 1048 903
3 2 1054 494
3 2 1081 1451
3 2 1097 976
3 2 1106 228
3 2 1111 417
3 2 1112 1320
3 2 1113 1094
3 2 1130 1909
3 2 1142 1433
3 2 1148 562
3 2 1150 1704
3 2 1156 922
3 2 1160 735
3 2 117 1695
3 2 1178 2001
3 2 1216 1309
3 2 1223 194
3 2 1262 675
3 2 1266 1279
3 2 1269 197
3 2 127 735
3 2 1271 196
3 2 1291 900
3 2 1295 1393
3 2 1298 925
3 2 1301 1298
3 2 1307 1725
3 2 1326 1074
3 2 1334 1590
3 2 1337 954
3 2 1340 1590
3 2 1347 1200
3 2 1349 144
3 2 1352 684
3 2 1353 355
3 2 1356 1629
3 2 1363 617
3 2 1368 411
3 2 1378 1285
3 2 1380 743
3 2 1389 664
3 2 1395 33
3 2 1409 125
3 2 1411 45
3 2 1428 1314
3 2 1440 1298
3 2 1441 603
3 2 1442 600
3 2 1443 821
3 2 1445 128
3 2 1452 1346
3 2 147 583
3 2 1484 717
3 2 1488 585
3 2 1489 1657
3 2 1492 1209
3 2 1500 1137
3 2 1504 966
3 2 152 414
3 2 1521 1539
3 2 1539 420
3 2 1541 667
3 2 1546 140
3 2 1553 774
3 2 1563 1235
3 2 1577 426
3 2 160 678
3 2 1612 749
3 2 1676 1505
3 2 1687 309
3 2 1703 1065
3 2 1705 791
3 2 1717 145
3 2 1724 916
3 2 1726 736
3 2 1736 658
3 2 1740 1496
3 2 1761 445
3 2 1786 205
3 2 1791 465
3 2 1793 920
3 2 1805 68
3 2 1815 741
3 2 1829 1893
3 2 1839 90
3 2 1888 733
3 2 1909 547
3 2 1917 656
3 2 1918 40
3 2 1924 241
3 2 1929 505
3 2 193 800
3 2 1935 505
3 2 1964 728
3 2 1965 1611
3 2 1980 826
3 2 1985 502
3 2 1998 439
3 2 2004 219
3 2 2014 150
3 2 2017 149
3 2 2017 296
3 2 2027 44
3 2 2034 468
3 2 2041 482
3 2 2065 1455
3 2 2068 1204
3 2 221 1798
3 2 222 1797
3 2 242 707
3 2 249 460
3 2 260 870
3 2 303 1858
3 2 321 1109
3 2 321 1317
3 2 321 1328
3 2 337 1667
3 2 403 1767
3 2 404 685
3 2 424 1637
3 2 427 153
3 2 430 1743
3 2 442 714
3 2 442 976
3 2 448 1898
3 2 449 1678
3 2 450 1557
3 2 451 1585
3 2 454 1038
3 2 458 1558
3 2 461 308
3 2 470 1585
3 2 490 263
3 2 502 1799
3 2 508 1839
3 2 525 1876
3 2 531 1785
3 2 590 177
3 2 640 1486
3 2 649 1379
3 2 651 1121
3 2 664 1751
3 2 674 946
3 2 729 715
3 2 765 1371
3 2 770 1225
3 2 776 208
3 2 785 869
3 2 791 1335
3 2 806 846
3 2 820 291
3 2 822 1268
3 2 829 1649
3 2 844 1408
3 2 852 750
3 2 859 1040
3 2 866 212
3 2 881 1206
3 2 902 775
3 2 905 377
3 2 908 1396
3 2 927 535
3 2 933 142
3 2 952 1376
3 2 959 1562
3 2 959 1766
3 2 961 785
3 2 963 382
3 2 967 351
3 2 987 208
3 2 989 208
3 2 990 1177
3 2 991 1606
3 2 991 605
3 2 995 1391
3 2 998 453
3 2 999 773
3 3 1000 560
3 3 1004 375
3 3 1038 502
3 3 1059 839
3 3 1072 801
3 3 1074 1911
3 3 1075 160
3 3 1090 844
3 3 111 63
3 3 1121 606
3 3 1133 980
3 3 1142 884
3 3 1175 544
3 3 1185 1994
3 3 1185 672
3 3 1195 125
3 3 1201 823
3 3 1202 273
3 3 1203 829
3 3 1205 653
3 3 1218 1649
3 3 1228 637
3 3 1284 1856
3 3 1286 1982
3 3 1289 764
3 3 1304 800
3 3 1337 503
3 3 1362 951
3 3 1388 281
3 3 139 619
3 3 1405 497
3 3 1419 382
3 3 1455 251
3 3 1456 248
3 3 1468 142
3 3 1471 813
3 3 1493 451
3 3 1522 1222
3 3 1531 1654
3 3 1532 612
3 3 1542 911
3 3 1550 377
3 3 1623 2000
3 3 1629 323
3 3 1633 815
3 3 1641 505
3 3 1648 1518
3 3 1665 1498
3 3 1668 1135
3 3 1685 59
3 3 1703 861
3 3 1754 1685
3 3 1779 1491
3 3 1794 690
3 3 1818 549
3 3 1821 1070
3 3 1831 1463
3 3 1834 466
3 3 1835 723
3 3 1838 1430
3 3 1865 414
3 3 1867 412
3 3 1931 639
3 3 1933 509
3 3 1937 1328
3 3 1940 865
3 3 1946 1641
3 3 1956 742
3 3 1963 1419
3 3 1963 182
3 3 1971 344
3 3 1973 50
3 3 1980 110
3 3 1981 1628
3 3 1997 1585
3 3 2009 230
3 3 201 854
3 3 2022 471
3 3 2023 275
3 3 2027 260
3 3 2028 1467
3 3 2033 1211
3 3 204 548
3 3 2043 238
3 3 2045 298
3 3 2057 1513
3 3 2057 391
3 3 2063 1898
3 3 2084 157
3 3 221 121
3 3 230 333
3 3 248 45
3 3 267 1823
3 3 269 54
3 3 272 437
3 3 281 1882
3 3 282 1001
3 3 290 794
3 3 294 1022
3 3 341 1962
3 3 347 827
3 3 348 1215
3 3 358 488
3 3 360 314
3 3 364 393
3 3 397 1094
3 3 398 495
3 3 410 157
3 3 428 1858
3 3 431 1542
3 3 435 803
3 3 441 1982
3 3 444 441
3 3 444 480
3 3 458 328
3 3 463 429
3 3 466 1682
3 3 466 855
3 3 534 215
3 3 543 1615
3 3 550 1120
3 3 551 813
3 3 555 1165
3 3 558 438
3 3 561 1603
3 3 571 1646
3 3 587 1442
3 3 590 354
3 3 595 1535
3 3 606 53
3 3 610 143
3 3 612 144
3 3 616 143
3 3 623 82
3 3 625 308
3 3 631 1777
3 3 645 782
3 3 646 1458
3 3 647 181
3 3 647 188
3 3 657 1643
3 3 675 1662
3 3 679 298
3 3 687 1580
3 3 703 1554
3 3 705 595
3 3 708 341
3 3 711 91
3 3 712 298
3 3 713 593
3 3 716 1240
3 3 720 513
3 3 724 1566
3 3 729 1237
3 3 737 629
3 3 770 1340
3 3 787 1235
3 3 791 1256
3 3 794 342
3 3 800 342
3 3 801 270
3 3 812 1678
3 3 812 214
3 3 824 1387
3 3 824 794
3 3 825 832
3 3 835 1251
3 3 853 1586
3 3 856 1347
3 3 859 754
3 3 881 35
3 3 890 1261
3 3 908 1076
3 3 944 993
3 3 947 1244
3 3 952 76
3 3 967 40
3 3 97 742
3 3 976 268
3 3 981 391
3 3 984 692
3 3 985 1663
3 3 990 364
3 4 1007 594
3 4 1023 258
3 4 103 295
3 4 1052 682
3 4 1079 495
3 4 1105 484
3 4 1116 634
3 4 1133 1638
3 4 1136 251
3 4 1150 1033
3 4 1169 661
3 4 1203 1858
3 4 1206 964
3 4 1213 1786
3 4 1228 1971
3 4 1237 147
3 4 1277 1459
3 4 1319 118
3 4 140 788
3 4 140 789
3 4 142 1713
3 4 1483 127
3 4 1492 1511
3 4 1494 1882
3 4 1514 1135
3 4 1516 1113
3 4 1517 562
3 4 1555 1917
3 4 1556 243
3 4 1659 1162
3 4 1668 308
3 4 1684 312
3 4 1718 1663
3 4 1748 209
3 4 1777 1190
3 4 185 1782
3 4 195 1152
3 4 195 1391
3 4 195 729
3 4 1956 1297
3 4 1960 1192
3 4 206 1980
3 4 2072 829
3 4 240 1954
3 4 240 305
3 4 260 601
3 4 261 1781
3 4 268 1908
3 4 300 781
3 4 313 765
3 4 319 1734
3 4 351 1318
3 4 352 1321
3 4 358 1408
3 4 359 209
3 4 367 95
3 4 382 240
3 4 438 210
3 4 441 211
3 4 460 963
3 4 465 558
3 4 472 1472
3 4 481 155
3 4 481 1614
3 4 501 62
3 4 505 283
3 4 524 1511
3 4 546 398
3 4 575 1866
3 4 591 1406
3 4 597 1329
3 4 622 274
3 4 623 1702
3 4 644 113
3 4 680 932
3 4 703 1837
3 4 705 553
3 4 736 1822
3 4 777 1438
3 4 783 652
3 4 789 1849
3 4 791 1379
3 4 805 1076
3 4 815 893
3 4 823 130
3 4 826 572
3 4 846 259
3 4 861 1360
3 4 91 1943
3 4 917 1717
3 4 917 987
3 4 932 429
3 4 951 648
3 4 961 429
3 4 971 1151
3 4 976 1151
4 1 1001 610
4 1 1001 764
4 1 1011 166
4 1 1027 877
4 1 1041 1862
4 1 1042 1955
4 1 1045 903
4 1 1054 1089
4 1 1080 319
4 1 1083 1379
4 1 1085 1339
4 1 1091 603
4 1 1095 1656
4 1 1097 1687
4 1 1097 922
4 1 1107 1174
4 1 1109 440
4 1 1112 1238
4 1 1115 1918
4 1 112 196
4 1 1121 1118
4 1 1128 1141
4 1 113 1365
4 1 1132 1310
4 1 1133 1164
4 1 1134 1348
4 1 1136 1223
4 1 1138 1394
4 1 1138 1396
4 1 1141 1190
4 1 1149 1167
4 1 1150 1239
4 1 1151 1796
4 1 1156 46
4 1 1158 1579
4 1 1173 1412
4 1 1181 1082
4 1 1187 480
4 1 1200 1107
4 1 1206 236
4 1 1208 1692
4 1 1215 1246
4 1 1216 1267
4 1 1230 866
4 1 1237 1602
4 1 1240 1119
4 1 1260 1201
4 1 1264 1478
4 1 1266 747
4 1 1308 629
4 1 1315 860
4 1 1318 553
4 1 1322 516
4 1 1338 129
4 1 1340 1210
4 1 1356 1932
4 1 1360 945
4 1 1373 249
4 1 1378 567
4 1 1385 2002
4 1 1389 1952
4 1 1392 548
4 1 1397 1894
4 1 1399 387
4 1 1413 611
4 1 1425 1514
4 1 1425 1632
4 1 143 1032
4 1 1442 1972
4 1 1447 1836
4 1 1449 618
4 1 1483 1646
4 1 1515 1651
4 1 1529 1988
4 1 1534 1335
4 1 1545 1901
4 1 1546 1600
4 1 1549 1629
4 1 1552 1504
4 1 1574 1656
4 1 1594 1943
4 1 1634 1728
4 1 1644 539
4 1 1651 467
4 1 1656 1612
4 1 1659 1068
4 1 1677 1087
4 1 1684 425
4 1 1687 1055
4 1 1695 112
4 1 1712 1153
4 1 1714 936
4 1 1719 1789
4 1 1727 1842
4 1 1731 1092
4 1 174 957
4 1 1740 867
4 1 1743 424
4 1 1789 1118
4 1 1797 502
4 1 1803 321
4 1 1803 324
4 1 1816 1721
4 1 1821 1180
4 1 1821 795
4 1 1825 1056
4 1 183 1434
4 1 1834 1856
4 1 1838 46
4 1 1881 979
4 1 190 788
4 1 1914 1813
4 1 1921 654
4 1 1931 1491
4 1 2043 1385
4 1 2045 348
4 1 244 891
4 1 292 1017
4 1 313 926
4 1 314 883
4 1 332 649
4 1 352 596
4 1 427 595
4 1 457 677
4 1 489 745
4 1 492 1436
4 1 492 775
4 1 499 586
4 1 501 990
4 1 503 561
4 1 523 546
4 1 524 555
4 1 528 586
4 1 544 1291
4 1 563 625
4 1 574 1334
4 1 587 363
4 1 589 1253
4 1 596 614
4 1 606 1348
4 1 607 1348
4 1 610 573
4 1 616 109
4 1 623 1404
4 1 632 1348
4 1 641 1727
4 1 651 52
4 1 654 606
4 1 669 1382
4 1 681 440
4 1 685 1667
4 1 692 1973
4 1 697 1386
4 1 732 536
4 1 783 1411
4 1 786 985
4 1 790 1423
4 1 790 599
4 1 793 597
4 1 796 231
4 1 811 1646
4 1 826 1504
4 1 831 524
4 1 847 929
4 1 851 1994
4 1 857 1062
4 1 872 614
4 1 885 1200
4 1 918 1966
4 1 932 1628
4 1 945 1607
4 1 985 1920
4 2 1028 345
4 2 1047 917
4 2 1069 1366
4 2 1170 985
4 2 1184 38
4 2 1198 963
4 2 1229 679
4 2 1282 842
4 2 1344 156
4 2 1409 270
4 2 1426 1536
4 2 1486 428
4 2 1486 561
4 2 1508 694
4 2 1535 1125
4 2 1537 516
4 2 1541 380
4 2 1555 725
4 2 1561 1906
4 2 1645 935
4 2 1645 941
4 2 1646 933
4 2 1677 497
4 2 1699 1587
4 2 1720 371
4 2 1721 1283
4 2 1721 1285
4 2 1721 497
4 2 1721 954
4 2 1722 1284
4 2 1731 880
4 2 1761 899
4 2 1773 202
4 2 1774 1337
4 2 1783 723
4 2 1784 1273
4 2 1798 1466
4 2 1805 1795
4 2 1808 1297
4 2 1808 1298
4 2 1842 1369
4 2 1844 1947
4 2 1854 1181
4 2 1860 85
4 2 1873 1346
4 2 1900 1544
4 2 1904 1085
4 2 1914 61
4 2 1932 1360
4 2 1942 1275
4 2 1954 1311
4 2 1985 577
4 2 1985 580
4 2 1995 1539
4 2 2001 1703
4 2 2015 837
4 2 2024 327
4 2 2024 924
4 2 2068 1261
4 2 2079 674
4 2 236 1096
4 2 243 415
4 2 285 656
4 2 287 147
4 2 315 1132
4 2 338 363
4 2 435 607
4 2 504 487
4 2 517 338
4 2 588 715
4 2 588 719
4 2 602 981
4 2 660 568
4 2 670 271
4 2 737 749
4 2 741 968
4 2 779 112
4 2 803 335
4 2 873 470
4 2 913 1201
4 2 927 100
4 2 932 65
4 2 955 467
4 2 971 769
4 2 998 502
4 3 1013 64
4 3 1088 598
4 3 1161 197
4 3 1163 304
4 3 1505 1708
4 3 1693 512
4 3 170 1684
4 3 1860 161
4 3 1877 1600
4 3 1913 964
4 3 2042 480
4 3 212 75
4 3 247 909
4 3 268 733
4 3 279 685
4 3 293 115
4 3 295 285
4 3 309 651
4 3 350 491
4 3 364 682
4 3 402 1569
4 3 426 1593
4 3 429 623
4 3 475 1058
4 3 509 256
4 3 540 578
4 3 549 181
4 3 596 695
4 3 609 108
4 3 614 950
4 3 627 917
4 3 648 591
4 3 670 756
4 3 670 870
4 3 676 115
4 3 698 748
4 3 702 772
4 3 707 57
4 3 723 223
4 3 733 846
4 3 751 63
4 3 764 88
4 3 776 253
4 3 794 846
4 3 800 574
4 3 814 207
4 3 853 848
4 3 854 150
4 3 887 137
4 3 892 34
4 3 902 307
4 3 933 306
4 3 939 1874
4 3 957 1933
4 4 1013 1872
4 4 1037 728
4 4 1038 170
4 4 1046 1842
4 4 1164 945
4 4 1321 1198
4 4 1323 1927
4 4 1437 851
4 4 1439 1436
4 4 1451 465
4 4 151 227
4 4 163 503
4 4 1709 1966
4 4 1724 891
4 4 1755 950
4 4 1778 1255
4 4 1779 1257
4 4 1810 1228
4 4 1901 1511
4 4 1954 1056
4 4 1959 880
4 4 1991 851
4 4 200 1050
4 4 271 797
4 4 302 985
4 4 346 1993
4 4 377 1525
4 4 413 55
4 4 415 955
4 4 485 1125
4 4 573 1953
4 4 621 1925
4 4 656 2000
4 4 668 916
4 4 680 1142
4 4 689 1853
4 4 773 115
4 4 798 885
4 4 810 927
4 4 861 201
4 4 869 814
4 4 921 546
4 4 923 1423
4 4 924 1833
4 4 950 1796
4 4 966 1259
2 4 358 1091
3 3 750 457
2 3 820 1182
3 3 830 382
2 3 678 1539
3 4 252 566
3 3 155 435
1 1 760 185
1 2 1028 871
1 3 233 1086
3 2 1951 740
2 4 1136 386
3 3 1838 914
3 2 1950 1707
3 3 1168 744
1 3 915 1083
3 3 712 1630
3 3 816 1122
3 3 206 452
1 1 886 1163
1 1 1173 790
4 2 594 240
3 3 611 1680
4 3 519 875
3 3 1139 72
4 1 1345 870
3 3 971 208
3 2 1377 1324
4 3 699 213
4 3 848 641
4 1 662 466
3 3 876 444
1 3 881 1329
3 3 700 1612
3 4 180 1851
2 3 1024 1342
4 1 288 1340
2 4 1752 699
4 1 354 1554
3 2 900 594
3 3 903 353
3 1 1746 1622
1 4 1512 1328
1 1 210 892
1 3 1376 1853
1 1 738 104
4 4 739 1865
1 2 655 57
3 3 1800 211
3 3 1805 323
4 1 445 599
4 1 425 776
3 3 705 460
3 1 443 214
3 3 686 213
3 2 1034 467
3 3 338 1358
3 3 1854 190
3 2 730 207
2 2 614 1880
4 4 684 1753
3 3 1875 164
3 2 1948 774
3 2 1490 762
1 2 1385 648
1 4 1530 1380
3 3 718 128
3 1 2060 1448
3 3 644 1103
1 3 1916 1868
3 2 110 818
3 2 607 851
3 2 1440 758
3 2 1112 331
4 2 1473 1546
3 3 1006 434
3 3 328 1303
1 2 718 1777
3 2 483 1828
3 2 1166 265
3 2 1550 191
1 3 2033 1810
1 3 97 671
1 2 317 138
3 3 775 56
3 2 1428 808
2 4 1818 430
4 1 111 978
3 1 1847 1487
2 1 970 1917
3 1 1844 1085
2 4 1752 131
3 3 1177 966
1 1 474 784
3 3 466 371
1 1 529 709
1 1 531 727
3 3 2043 375
1 1 656 41
4 2 70 1634
3 2 1388 814
3 3 153 937
2 4 1210 89
1 1 978 1956
3 3 1524 721
3 2 1662 1068
1 1 663 756
3 3 423 1902
3 3 1031 139
2 1 572 966
1 2 1228 1263
3 4 202 1922
1 2 1860 1395
2 1 1282 188
3 3 549 389
1 1 702 286
1 1 703 86
3 3 1426 61
3 2 1385 730
3 4 1779 167
2 1 394 113
3 4 1521 997
3 2 1725 874
1 1 741 142
3 3 520 146
3 3 138 748
1 1 741 149
1 1 1319 170
1 1 758 379
3 1 1699 1406
2 3 1522 1805
3 3 830 942
3 3 835 246
4 3 656 986
3 3 219 643
4 4 725 1694
3 2 1278 825
3 3 968 298
2 4 1902 960
1 4 318 1684
3 3 449 111
1 1 812 1247
3 3 843 547
1 1 1281 962
3 2 1752 1990
1 4 1322 416
3 3 927 146
3 3 456 795
3 3 1097 930
2 4 1383 323
3 3 849 118
1 4 1263 888
3 1 137 399
3 1 1268 223
1 1 876 149
3 3 1153 728
3 3 1139 546
3 3 280 2008
3 2 1869 1990
1 4 1202 869
3 2 1840 1700
1 1 1173 238
1 1 119 861
4 3 308 1090
4 3 1216 180
3 2 977 242
2 2 348 317
1 3 1693 416
2 4 1653 601
1 3 1412 1005
3 2 373 1226
1 1 786 181
1 1 920 339
3 3 301 1482
3 2 2032 1322
3 2 1466 844
4 4 837 1744
1 2 1457 110
3 3 606 82
3 3 586 354
3 2 1773 107
1 1 1025 157
3 4 366 770
