1 1 1011 449
1 1 102 1448
1 1 1027 168
1 1 1036 1879
1 1 1046 562
1 1 1046 594
1 1 105 1148
1 1 1055 874
1 1 1099 1837
1 1 1100 41
1 1 1141 351
1 1 1146 99
1 1 1158 423
1 1 119 1199
1 1 1198 600
1 1 1331 748
1 1 140 192
1 1 1485 1830
1 1 174 1445
1 1 178 729
1 1 183 938
1 1 183 940
1 1 1870 1227
1 1 197 1240
1 1 202 1517
1 1 2040 1855
1 1 2047 1944
1 1 209 860
1 1 217 885
1 1 217 888
1 1 230 706
1 1 231 1065
1 1 250 517
1 1 250 561
1 1 266 1035
1 1 280 1756
1 1 284 1260
1 1 298 747
1 1 317 288
1 1 331 1554
1 1 336 1661
1 1 348 151
1 1 351 1508
1 1 361 285
1 1 368 412
1 1 370 794
1 1 374 1268
1 1 425 1028
1 1 431 606
1 1 465 629
1 1 485 897
1 1 491 1805
1 1 497 1233
1 1 502 1110
1 1 529 1125
1 1 594 801
1 1 605 917
1 1 608 523
1 1 615 265
1 1 618 670
1 1 633 343
1 1 646 679
1 1 652 1601
1 1 653 717
1 1 679 483
1 1 688 662
1 1 697 56
1 1 722 594
1 1 810 580
1 1 87 304
1 1 874 179
1 1 89 704
1 1 962 927
1 1 991 835
1 2 1328 1333
1 2 1442 215
1 2 1470 410
1 2 1686 1687
1 2 1759 1305
1 2 1883 1620
1 2 1981 1346
1 2 2019 1807
1 2 2055 1905
1 2 241 1388
1 2 489 1852
1 2 545 1956
1 2 660 1829
1 2 662 1625
1 2 688 1882
1 2 843 534
1 2 846 1760
1 2 854 1756
1 2 914 1795
1 3 1005 1019
1 3 1063 847
1 3 113 812
1 3 1197 529
1 3 1215 838
1 3 1227 448
1 3 124 1062
1 3 1302 1245
1 3 1385 669
1 3 140 665
1 3 1412 656
1 3 149 791
1 3 151 786
1 3 1518 1386
1 3 1534 824
1 3 155 822
1 3 1761 354
1 3 1786 1036
1 3 1796 159
1 3 181 582
1 3 185 729
1 3 1859 1635
1 3 195 111
1 3 195 1332
1 3 196 423
1 3 199 806
1 3 2035 1135
1 3 2037 1411
1 3 205 931
1 3 211 922
1 3 266 497
1 3 272 1657
1 3 280 553
1 3 286 391
1 3 288 1658
1 3 290 1358
1 3 299 705
1 3 301 924
1 3 305 582
1 3 310 1073
1 3 310 490
1 3 322 1363
1 3 329 1050
1 3 329 1274
1 3 331 914
1 3 338 847
1 3 339 289
1 3 358 1169
1 3 360 1529
1 3 364 929
1 3 387 101
1 3 415 1020
1 3 424 480
1 3 426 821
1 3 429 660
1 3 441 657
1 3 443 677
1 3 444 593
1 3 460 646
1 3 462 660
1 3 481 467
1 3 492 473
1 3 532 1001
1 3 545 1517
1 3 558 917
1 3 569 710
1 3 577 1320
1 3 580 264
1 3 590 680
1 3 590 930
1 3 593 1941
1 3 609 692
1 3 634 1021
1 3 648 972
1 3 656 975
1 3 658 1002
1 3 697 964
1 3 705 187
1 3 731 985
1 3 743 1125
1 3 748 1952
1 3 784 301
1 3 837 633
1 3 893 255
1 3 91 766
1 4 1057 1571
1 4 1084 329
1 4 1087 247
1 4 1091 1437
1 4 1129 1721
1 4 1139 129
1 4 1268 143
1 4 1278 1252
1 4 1281 852
1 4 1313 1259
1 4 134 1991
1 4 1400 873
1 4 1447 812
1 4 1448 771
1 4 1455 548
1 4 1471 788
1 4 1483 932
1 4 1497 732
1 4 1512 698
1 4 1548 1997
1 4 1588 146
1 4 1592 164
1 4 1602 1347
1 4 1744 1479
1 4 1745 535
1 4 1753 176
1 4 1816 1034
1 4 1825 1381
1 4 1845 423
1 4 1862 457
1 4 1874 1194
1 4 1890 1505
1 4 2001 1863
1 4 2014 1402
1 4 2034 1909
1 4 2038 1877
1 4 2057 796
1 4 2062 1266
1 4 2076 833
1 4 2076 884
1 4 322 764
1 4 354 1782
1 4 378 1702
1 4 405 1992
1 4 420 283
1 4 462 651
1 4 563 874
1 4 579 1976
1 4 645 1136
1 4 674 79
1 4 780 1894
1 4 781 665
1 4 957 714
1 4 971 70
1 4 978 1974
1 4 994 1713
2 1 1088 141
2 1 1094 689
2 1 1116 978
2 1 1144 1052
2 1 1147 668
2 1 1171 269
2 1 1183 390
2 1 1232 370
2 1 1273 544
2 1 1274 715
2 1 1320 789
2 1 1333 678
2 1 1338 604
2 1 1371 669
2 1 1379 606
2 1 1388 660
2 1 1394 685
2 1 1401 752
2 1 1421 620
2 1 1454 1020
2 1 1458 665
2 1 1496 591
2 1 1509 1003
2 1 1518 1828
2 1 1531 544
2 1 1568 1440
2 1 162 552
2 1 165 1401
2 1 1652 1021
2 1 1681 1857
2 1 177 1734
2 1 1783 1972
2 1 1831 118
2 1 1844 2000
2 1 1975 1696
2 1 198 1966
2 1 2008 1117
2 1 2044 323
2 1 210 228
2 1 218 1806
2 1 247 578
2 1 255 899
2 1 260 563
2 1 273 213
2 1 282 96
2 1 287 350
2 1 304 829
2 1 344 1494
2 1 351 359
2 1 361 1254
2 1 380 924
2 1 396 702
2 1 407 1740
2 1 490 765
2 1 497 1419
2 1 515 181
2 1 550 782
2 1 551 313
2 1 553 616
2 1 579 1061
2 1 593 802
2 1 601 494
2 1 603 1408
2 1 636 2000
2 1 637 1071
2 1 641 1145
2 1 669 720
2 1 673 720
2 1 691 202
2 1 695 175
2 1 703 1600
2 1 712 809
2 1 724 1077
2 1 813 496
2 1 817 1069
2 1 833 770
2 1 846 339
2 1 874 576
2 1 896 1759
2 1 896 953
2 1 936 141
2 1 936 839
2 1 941 1440
2 1 947 1502
2 2 152 1981
2 2 241 234
2 2 249 1891
2 2 292 537
2 3 1193 232
2 3 1193 772
2 3 1201 992
2 3 1313 1856
2 3 1422 1754
2 3 1457 1951
2 3 1491 1945
2 3 1512 1739
2 3 1612 1793
2 3 1630 1335
2 3 1636 1332
2 3 1790 1254
2 3 1867 1220
2 3 1922 1692
2 3 1932 1104
2 3 1974 1809
2 3 2062 400
2 3 232 355
2 3 598 600
2 3 807 1484
2 3 838 139
2 4 1032 1528
2 4 1039 61
2 4 1063 70
2 4 1089 732
2 4 1191 1467
2 4 1207 1665
2 4 1224 1492
2 4 1278 1538
2 4 1313 631
2 4 1361 1195
2 4 1381 67
2 4 1433 233
2 4 1436 1562
2 4 1452 1490
2 4 1454 454
2 4 1461 1545
2 4 1495 1733
2 4 1506 434
2 4 1537 1402
2 4 1568 637
2 4 1570 1510
2 4 1673 616
2 4 1713 448
2 4 1742 1529
2 4 1804 1267
2 4 1827 518
2 4 1830 516
2 4 1849 1592
2 4 1890 622
2 4 1895 679
2 4 1912 1014
2 4 1951 1210
2 4 1968 1716
2 4 1976 1424
2 4 1987 771
2 4 2010 124
2 4 2033 1957
2 4 2041 1618
2 4 2049 1837
2 4 2079 1174
2 4 282 771
2 4 334 969
2 4 346 997
2 4 364 934
2 4 417 1137
2 4 443 376
2 4 582 1507
2 4 723 1578
2 4 789 493
2 4 808 518
2 4 851 1395
2 4 869 1307
2 4 896 1452
3 1 1003 1974
3 1 1018 1745
3 1 1018 570
3 1 1022 1627
3 1 1040 1666
3 1 1044 1750
3 1 1086 971
3 1 1116 1879
3 1 1144 1038
3 1 1199 904
3 1 1200 2007
3 1 1208 1775
3 1 1232 2006
3 1 1269 806
3 1 1422 868
3 1 1447 1516
3 1 1464 749
3 1 1491 1410
3 1 1499 1482
3 1 1593 1490
3 1 1614 379
3 1 1622 1876
3 1 1623 123
3 1 1646 353
3 1 1660 1668
3 1 1661 372
3 1 1676 496
3 1 1679 445
3 1 1684 132
3 1 1687 714
3 1 1696 1992
3 1 1706 405
3 1 1707 426
3 1 1713 480
3 1 1717 379
3 1 1720 2031
3 1 1726 1921
3 1 1730 503
3 1 1735 384
3 1 1754 1883
3 1 1778 2005
3 1 1788 1751
3 1 1797 1948
3 1 1805 1986
3 1 1807 2002
3 1 1813 1856
3 1 1822 1211
3 1 1826 1835
3 1 1830 1873
3 1 1833 469
3 1 1834 1965
3 1 1839 1917
3 1 1840 1983
3 1 1842 400
3 1 1846 299
3 1 1847 1903
3 1 1847 385
3 1 1856 1213
3 1 1859 1745
3 1 1867 240
3 1 1868 45
3 1 1868 494
3 1 1869 1830
3 1 1870 1850
3 1 1919 1844
3 1 1922 1251
3 1 1925 475
3 1 1937 1811
3 1 1953 1165
3 1 1961 1979
3 1 1982 1886
3 1 2001 1725
3 1 2002 1835
3 1 2016 1894
3 1 2050 1138
3 1 2061 1436
3 1 2081 1413
3 1 374 1403
3 1 558 1874
3 1 658 1605
3 1 941 1694
3 1 975 1654
3 2 1002 830
3 2 1004 1883
3 2 1007 1237
3 2 1027 1939
3 2 1027 1955
3 2 1035 1774
3 2 1040 1951
3 2 1095 1885
3 2 1097 1850
3 2 113 350
3 2 1153 1027
3 2 1153 1041
3 2 1180 1696
3 2 1184 1728
3 2 1223 826
3 2 1243 1855
3 2 1285 2019
3 2 1293 1811
3 2 1303 656
3 2 1319 1955
3 2 1327 1074
3 2 133 244
3 2 1338 1741
3 2 1342 1797
3 2 1342 1800
3 2 1356 1815
3 2 1385 1813
3 2 139 1656
3 2 1399 913
3 2 1401 1747
3 2 1411 1768
3 2 1411 1770
3 2 1424 753
3 2 1442 1937
3 2 1454 1680
3 2 1454 1802
3 2 1467 512
3 2 1478 1893
3 2 1478 1896
3 2 1502 767
3 2 1503 1636
3 2 1510 444
3 2 1537 1298
3 2 1589 156
3 2 1610 1296
3 2 1610 178
3 2 1617 1204
3 2 1625 1317
3 2 1631 1315
3 2 1637 1283
3 2 1640 1661
3 2 1640 1752
3 2 1654 1110
3 2 1668 1234
3 2 1668 555
3 2 1676 1182
3 2 1701 941
3 2 1701 943
3 2 1706 534
3 2 1710 723
3 2 1712 1167
3 2 1733 406
3 2 1737 1021
3 2 174 666
3 2 1757 845
3 2 1792 701
3 2 1804 692
3 2 1818 827
3 2 1824 466
3 2 1831 1020
3 2 1845 1305
3 2 1846 1513
3 2 1847 1843
3 2 1861 1525
3 2 1861 803
3 2 1875 1976
3 2 1881 1314
3 2 1905 571
3 2 1909 1669
3 2 1911 1132
3 2 1929 181
3 2 1930 183
3 2 1938 1184
3 2 1950 1390
3 2 198 1247
3 2 1986 1283
3 2 2017 1054
3 2 2029 1163
3 2 2035 1958
3 2 2045 473
3 2 2063 549
3 2 2064 1245
3 2 2066 317
3 2 2068 1591
3 2 2071 1288
3 2 209 1257
3 2 214 1174
3 2 258 1196
3 2 288 1704
3 2 320 1524
3 2 358 1133
3 2 386 1383
3 2 433 2005
3 2 458 1635
3 2 464 1491
3 2 477 1107
3 2 484 915
3 2 489 276
3 2 490 777
3 2 491 1373
3 2 540 1204
3 2 541 902
3 2 547 1509
3 2 550 860
3 2 553 1174
3 2 567 1519
3 2 583 1875
3 2 585 1723
3 2 585 1725
3 2 586 991
3 2 588 860
3 2 593 1440
3 2 594 756
3 2 607 845
3 2 610 925
3 2 612 1653
3 2 623 1117
3 2 624 596
3 2 651 518
3 2 656 1004
3 2 664 1037
3 2 669 992
3 2 680 1526
3 2 684 514
3 2 689 1722
3 2 692 1482
3 2 698 1397
3 2 704 958
3 2 721 1211
3 2 722 1464
3 2 745 1902
3 2 746 578
3 2 764 1203
3 2 772 1822
3 2 772 1824
3 2 796 1790
3 2 839 1373
3 2 844 420
3 2 866 1701
3 2 868 1585
3 2 891 1722
3 2 897 1928
3 2 939 945
3 2 957 1355
3 2 958 145
3 3 1005 548
3 3 1010 101
3 3 1052 499
3 3 1068 379
3 3 1077 1605
3 3 1078 864
3 3 1085 784
3 3 1093 1614
3 3 110 214
3 3 1107 1202
3 3 1120 716
3 3 1130 444
3 3 1135 1646
3 3 1137 1242
3 3 1139 1959
3 3 1152 1648
3 3 1158 1235
3 3 1180 757
3 3 1185 1869
3 3 1196 1358
3 3 1198 1778
3 3 1202 451
3 3 1212 1647
3 3 1214 799
3 3 1225 209
3 3 123 1116
3 3 1262 1117
3 3 1262 1885
3 3 1277 1624
3 3 1278 34
3 3 1302 1635
3 3 1323 454
3 3 1332 720
3 3 1351 41
3 3 1363 158
3 3 1372 918
3 3 1372 96
3 3 1382 1317
3 3 1384 1637
3 3 1391 1602
3 3 1401 1006
3 3 1401 707
3 3 1421 1917
3 3 1429 1250
3 3 1431 270
3 3 1439 622
3 3 1445 1753
3 3 1446 639
3 3 1473 1808
3 3 1475 405
3 3 1499 1685
3 3 1515 1874
3 3 1521 325
3 3 1525 1331
3 3 1526 348
3 3 1529 1880
3 3 1529 472
3 3 1539 1455
3 3 1543 1437
3 3 1544 303
3 3 1545 196
3 3 1554 373
3 3 1554 932
3 3 1555 1396
3 3 1564 386
3 3 1565 181
3 3 1565 272
3 3 1566 227
3 3 1594 768
3 3 1599 1384
3 3 1600 305
3 3 1600 310
3 3 1602 182
3 3 1642 1511
3 3 1657 85
3 3 1667 1588
3 3 1675 1663
3 3 1682 1116
3 3 1687 1440
3 3 1688 1713
3 3 1689 1716
3 3 1690 1551
3 3 1710 2011
3 3 1718 1252
3 3 1721 584
3 3 1725 1500
3 3 1743 34
3 3 1744 1228
3 3 1746 1839
3 3 1763 1078
3 3 1772 1035
3 3 1775 1472
3 3 1807 1642
3 3 1820 2000
3 3 1823 810
3 3 183 787
3 3 1833 176
3 3 1833 608
3 3 1834 1628
3 3 1893 1930
3 3 1902 1454
3 3 1916 911
3 3 1922 1789
3 3 1927 1355
3 3 194 271
3 3 1947 1539
3 3 1961 234
3 3 1983 544
3 3 1986 1144
3 3 2011 146
3 3 2033 642
3 3 2038 1300
3 3 2073 1854
3 3 217 922
3 3 225 474
3 3 237 837
3 3 285 613
3 3 299 764
3 3 310 568
3 3 311 1391
3 3 358 613
3 3 430 594
3 3 440 787
3 3 445 1549
3 3 460 1243
3 3 481 867
3 3 484 119
3 3 549 264
3 3 568 184
3 3 578 866
3 3 579 1701
3 3 579 1703
3 3 598 326
3 3 602 57
3 3 605 308
3 3 617 407
3 3 619 1269
3 3 620 394
3 3 626 711
3 3 654 289
3 3 669 153
3 3 673 385
3 3 681 1342
3 3 693 286
3 3 696 375
3 3 700 399
3 3 703 323
3 3 709 353
3 3 715 713
3 3 719 280
3 3 719 380
3 3 725 1115
3 3 730 198
3 3 739 303
3 3 747 386
3 3 755 258
3 3 756 258
3 3 779 339
3 3 784 442
3 3 796 227
3 3 818 325
3 3 820 105
3 3 834 506
3 3 856 598
3 3 861 1612
3 3 879 401
3 3 884 471
3 3 885 527
3 3 89 994
3 3 905 319
3 3 917 1936
3 3 95 1040
3 3 951 1801
3 3 958 950
3 3 958 951
3 4 100 1125
3 4 1021 1199
3 4 1035 126
3 4 1042 1893
3 4 1045 48
3 4 1049 640
3 4 1049 843
3 4 1068 864
3 4 107 1758
3 4 109 1167
3 4 1094 1921
3 4 1098 419
3 4 1120 858
3 4 1134 1987
3 4 1278 956
3 4 128 549
3 4 1280 958
3 4 1289 564
3 4 1311 1807
3 4 1312 268
3 4 1342 789
3 4 1345 617
3 4 1366 479
3 4 1394 632
3 4 1402 482
3 4 1402 738
3 4 144 1108
3 4 144 635
3 4 146 633
3 4 1464 260
3 4 147 577
3 4 1569 625
3 4 159 708
3 4 1602 842
3 4 163 1059
3 4 163 609
3 4 163 665
3 4 1664 660
3 4 169 681
3 4 1710 1481
3 4 1722 423
3 4 1725 1559
3 4 1732 462
3 4 1761 692
3 4 1765 1895
3 4 1913 1090
3 4 1935 554
3 4 1943 1578
3 4 1949 1473
3 4 1949 1474
3 4 1952 486
3 4 1958 849
3 4 1988 321
3 4 1990 473
3 4 1992 889
3 4 2029 1317
3 4 228 1072
3 4 240 814
3 4 269 1930
3 4 272 1912
3 4 277 138
3 4 329 434
3 4 333 1106
3 4 337 500
3 4 363 429
3 4 375 395
3 4 378 1595
3 4 395 446
3 4 397 1141
3 4 409 361
3 4 415 471
3 4 437 1457
3 4 445 2014
3 4 454 1949
3 4 463 1053
3 4 471 407
3 4 504 1838
3 4 556 1199
3 4 561 1476
3 4 565 1794
3 4 583 853
3 4 586 1622
3 4 601 1779
3 4 616 832
3 4 622 1710
3 4 640 1805
3 4 640 656
3 4 661 1743
3 4 663 1670
3 4 663 1693
3 4 673 1925
3 4 675 1905
3 4 682 1321
3 4 688 853
3 4 700 1617
3 4 812 397
3 4 817 1422
3 4 824 1057
3 4 850 1555
3 4 853 1228
3 4 857 1722
3 4 871 1192
3 4 878 1928
3 4 879 1480
3 4 89 1061
3 4 910 1084
3 4 915 459
3 4 921 1979
3 4 927 1787
3 4 948 2011
3 4 97 789
3 4 998 181
4 1 1002 1925
4 1 1027 266
4 1 1042 481
4 1 1042 483
4 1 1047 46
4 1 1053 1701
4 1 1083 1364
4 1 1090 1770
4 1 1123 1723
4 1 1130 612
4 1 1149 161
4 1 1175 1893
4 1 1210 904
4 1 122 1266
4 1 1220 1401
4 1 1220 1982
4 1 1229 1320
4 1 1244 624
4 1 1265 944
4 1 129 1703
4 1 1310 1559
4 1 1319 843
4 1 1339 1563
4 1 134 82
4 1 1341 1650
4 1 1345 1781
4 1 1405 1688
4 1 1430 455
4 1 1442 1866
4 1 1453 1654
4 1 1462 1991
4 1 1476 230
4 1 1481 554
4 1 1487 493
4 1 1518 1412
4 1 1518 278
4 1 1522 287
4 1 1529 1739
4 1 1532 190
4 1 1537 1804
4 1 1542 930
4 1 1545 53
4 1 1550 1690
4 1 1564 2011
4 1 1565 472
4 1 1572 1761
4 1 1610 371
4 1 162 1576
4 1 1639 971
4 1 1662 688
4 1 1670 1320
4 1 1673 608
4 1 1683 605
4 1 1706 95
4 1 1714 744
4 1 1719 1554
4 1 1721 923
4 1 1723 1284
4 1 1731 1697
4 1 1752 764
4 1 1777 744
4 1 1779 884
4 1 1788 347
4 1 1811 1214
4 1 1827 1768
4 1 185 1808
4 1 1853 1395
4 1 1863 1750
4 1 1872 46
4 1 1887 1392
4 1 1906 1312
4 1 1922 1602
4 1 1931 1897
4 1 1932 629
4 1 1936 265
4 1 1944 1554
4 1 1944 1557
4 1 1952 1742
4 1 1984 1376
4 1 2004 800
4 1 2008 1518
4 1 2012 705
4 1 2021 1769
4 1 2033 1509
4 1 2048 1575
4 1 2071 1001
4 1 218 1842
4 1 219 1209
4 1 240 320
4 1 283 1448
4 1 290 1289
4 1 296 1337
4 1 314 1643
4 1 320 574
4 1 449 762
4 1 453 1979
4 1 468 169
4 1 498 80
4 1 509 763
4 1 513 608
4 1 552 158
4 1 608 1352
4 1 609 1196
4 1 610 1538
4 1 676 1988
4 1 697 1519
4 1 740 951
4 1 742 932
4 1 753 1200
4 1 761 64
4 1 763 1196
4 1 770 1314
4 1 772 48
4 1 785 1826
4 1 808 1859
4 1 816 559
4 1 824 1289
4 1 873 1284
4 1 874 1472
4 1 929 1464
4 1 959 613
4 1 972 1405
4 1 985 284
4 2 100 366
4 2 1005 574
4 2 101 1352
4 2 102 1194
4 2 1044 1134
4 2 1051 927
4 2 1068 280
4 2 1072 708
4 2 1077 600
4 2 1081 745
4 2 1097 601
4 2 1124 1401
4 2 1131 598
4 2 1144 581
4 2 117 1104
4 2 1178 523
4 2 1189 1962
4 2 120 1213
4 2 1201 1514
4 2 1201 776
4 2 1204 1538
4 2 121 75
4 2 1221 1399
4 2 1221 1869
4 2 1267 1815
4 2 1275 923
4 2 1277 1217
4 2 130 788
4 2 1305 479
4 2 1305 486
4 2 1347 1993
4 2 137 237
4 2 1371 697
4 2 1404 751
4 2 1412 1752
4 2 1413 531
4 2 1413 995
4 2 1418 1163
4 2 1422 954
4 2 1423 493
4 2 1434 1220
4 2 1441 1501
4 2 1461 448
4 2 1465 1872
4 2 1470 1707
4 2 1471 714
4 2 1510 163
4 2 1518 1202
4 2 1523 583
4 2 1532 1991
4 2 1544 668
4 2 1546 1929
4 2 1548 1581
4 2 1551 1056
4 2 1569 1415
4 2 1569 639
4 2 1590 36
4 2 1606 1822
4 2 161 1089
4 2 1612 1208
4 2 162 313
4 2 1628 1378
4 2 1630 1154
4 2 1636 611
4 2 1638 582
4 2 1648 1193
4 2 1675 463
4 2 1695 1612
4 2 1695 89
4 2 1697 1121
4 2 170 842
4 2 1713 928
4 2 1722 117
4 2 1728 47
4 2 1740 1563
4 2 1742 673
4 2 1745 420
4 2 1752 966
4 2 1753 1130
4 2 1777 1535
4 2 1784 610
4 2 1795 1062
4 2 1805 1576
4 2 1820 1765
4 2 1822 463
4 2 1828 347
4 2 1837 1090
4 2 1838 114
4 2 1843 1155
4 2 1854 997
4 2 1865 1571
4 2 1874 364
4 2 1876 215
4 2 1890 812
4 2 1904 1162
4 2 1905 997
4 2 1914 932
4 2 1914 935
4 2 1924 1283
4 2 1931 1092
4 2 1931 1095
4 2 1937 344
4 2 1945 640
4 2 1950 1189
4 2 1950 1191
4 2 1950 1193
4 2 1954 1554
4 2 1956 1642
4 2 1958 1924
4 2 1958 1965
4 2 1972 626
4 2 1974 731
4 2 1975 1001
4 2 1977 777
4 2 201 879
4 2 2014 326
4 2 2014 736
4 2 2025 453
4 2 2032 898
4 2 2040 696
4 2 2061 1167
4 2 2065 1679
4 2 2065 493
4 2 217 239
4 2 217 304
4 2 222 1114
4 2 227 1225
4 2 231 1096
4 2 259 744
4 2 269 529
4 2 290 112
4 2 297 1014
4 2 357 898
4 2 363 1182
4 2 368 1138
4 2 376 1209
4 2 393 1352
4 2 442 295
4 2 453 605
4 2 490 914
4 2 544 171
4 2 621 950
4 2 632 810
4 2 638 155
4 2 644 1299
4 2 654 396
4 2 657 123
4 2 695 538
4 2 703 934
4 2 739 1131
4 2 754 827
4 2 776 1208
4 2 790 1432
4 2 819 989
4 2 833 612
4 2 855 209
4 2 862 403
4 2 865 942
4 2 868 609
4 2 868 614
4 2 872 251
4 2 939 36
4 2 959 915
4 2 972 234
4 2 973 424
4 2 973 432
4 3 1004 127
4 3 1004 381
4 3 1015 205
4 3 1017 156
4 3 1027 131
4 3 1208 729
4 3 128 1361
4 3 128 707
4 3 132 877
4 3 1377 93
4 3 142 926
4 3 149 1018
4 3 157 1225
4 3 157 135
4 3 159 778
4 3 163 1549
4 3 170 1036
4 3 171 1034
4 3 173 1012
4 3 1733 53
4 3 174 1010
4 3 178 756
4 3 178 958
4 3 186 770
4 3 1978 307
4 3 200 1952
4 3 207 1249
4 3 211 945
4 3 212 1846
4 3 244 1895
4 3 250 765
4 3 260 884
4 3 265 901
4 3 273 941
4 3 285 1974
4 3 285 1976
4 3 287 695
4 3 326 624
4 3 338 201
4 3 349 641
4 3 357 1384
4 3 417 1212
4 3 419 676
4 3 425 758
4 3 430 102
4 3 446 1094
4 3 504 792
4 3 506 1004
4 3 516 853
4 3 529 578
4 3 545 1711
4 3 546 900
4 3 550 987
4 3 555 1060
4 3 566 571
4 3 568 821
4 3 594 84
4 3 599 1178
4 3 603 483
4 3 625 217
4 3 639 1329
4 3 661 391
4 3 667 178
4 3 675 273
4 3 677 114
4 3 677 801
4 3 691 476
4 3 693 129
4 3 705 489
4 3 707 1132
4 3 726 339
4 3 726 430
4 3 727 460
4 3 727 992
4 3 729 494
4 3 764 1009
4 3 784 377
4 3 785 498
4 3 81 250
4 3 820 486
4 3 820 490
4 3 823 54
4 3 849 1926
4 3 850 488
4 3 855 435
4 3 857 619
4 3 860 502
4 3 866 475
4 3 871 452
4 3 877 447
4 3 878 482
4 3 886 172
4 3 891 203
4 3 892 206
4 3 892 505
4 3 914 92
4 3 915 457
4 3 920 50
4 3 922 71
4 3 933 477
4 3 934 305
4 3 942 226
4 3 986 38
4 3 99 882
4 4 1004 889
4 4 1006 1382
4 4 1010 1617
4 4 1034 1691
4 4 1056 1428
4 4 1067 1793
4 4 1080 1456
4 4 1087 1918
4 4 1090 282
4 4 1108 359
4 4 1111 630
4 4 1140 1654
4 4 1141 1995
4 4 1145 1953
4 4 1146 1942
4 4 1168 1780
4 4 1181 1763
4 4 1190 852
4 4 1205 475
4 4 1212 580
4 4 1229 1270
4 4 1232 380
4 4 1258 1877
4 4 1268 788
4 4 1284 1421
4 4 1314 314
4 4 1324 1634
4 4 1326 1966
4 4 1438 681
4 4 1450 608
4 4 1451 309
4 4 1474 512
4 4 1479 1785
4 4 1508 700
4 4 1531 1200
4 4 1580 1856
4 4 1629 594
4 4 1666 275
4 4 1696 1468
4 4 1705 1195
4 4 1744 1141
4 4 1781 1077
4 4 1787 1466
4 4 1805 1175
4 4 1820 1012
4 4 1868 161
4 4 1892 785
4 4 1901 951
4 4 1911 1244
4 4 1943 420
4 4 1969 1547
4 4 2039 1439
4 4 2045 1543
4 4 2055 723
4 4 2065 1937
4 4 453 504
4 4 466 1059
4 4 496 801
4 4 571 702
4 4 589 1382
4 4 595 481
4 4 598 1463
4 4 601 992
4 4 659 1941
4 4 696 1064
4 4 813 1195
4 4 816 588
4 4 818 187
4 4 834 1608
4 4 847 1891
4 4 936 1043
4 4 939 752
4 4 978 1470
4 4 979 1740
4 4 990 1885
4 4 996 1642
1 1 1008 39
1 1 1151 797
1 1 1192 641
1 1 1208 1996
1 1 179 952
1 1 196 1238
1 1 269 822
1 1 274 744
1 1 304 445
1 1 317 505
1 1 318 606
1 1 409 990
1 1 482 848
1 1 492 651
1 1 594 953
1 1 603 1769
1 1 616 613
1 2 449 1525
1 2 665 1985
1 2 947 1430
1 3 111 491
1 3 1126 677
1 3 1145 173
1 3 144 1234
1 3 1800 1149
1 3 182 580
1 3 192 203
1 3 200 575
1 3 2068 374
1 3 238 1201
1 3 252 737
1 3 278 953
1 3 301 386
1 3 440 898
1 3 450 828
1 3 541 650
1 3 566 841
1 3 658 612
1 3 825 526
1 3 842 547
1 3 856 1644
1 3 91 1007
1 3 95 973
1 4 1333 759
1 4 1730 972
1 4 1869 1554
1 4 2014 1403
1 4 544 1696
1 4 743 1431
2 1 1039 212
2 1 239 131
2 1 254 1929
2 1 283 134
2 1 326 312
2 1 369 1143
2 1 436 2022
2 1 440 1616
2 1 441 420
2 1 766 173
2 1 841 400
2 2 150 194
2 3 1690 1800
2 3 1729 1820
2 3 1864 1793
2 4 1054 1379
2 4 1531 822
2 4 1577 1502
2 4 1620 583
2 4 1660 706
2 4 1829 1261
2 4 1893 448
2 4 1914 494
2 4 2003 1213
3 1 1538 1528
3 1 1783 1727
3 1 727 1787
3 1 739 1874
3 2 1025 380
3 2 1164 1846
3 2 1273 1336
3 2 1318 1693
3 2 1332 1649
3 2 1385 1816
3 2 1442 1945
3 2 159 1655
3 2 1664 958
3 2 1673 647
3 2 1731 1135
3 2 1786 965
3 2 1832 1486
3 2 1860 419
3 2 1886 1728
3 2 1962 1798
3 2 2024 1606
3 2 2028 325
3 2 2030 1838
3 2 2036 1525
3 2 347 1744
3 2 442 1910
3 2 477 1081
3 2 609 820
3 2 627 351
3 2 799 1910
3 2 889 1972
3 3 109 1883
3 3 1224 1286
3 3 1312 215
3 3 1336 305
3 3 1345 128
3 3 148 1210
3 3 148 962
3 3 1552 1348
3 3 1567 698
3 3 162 983
3 3 1697 85
3 3 1708 1537
3 3 1774 1036
3 3 1807 1640
3 3 1825 1903
3 3 188 812
3 3 1960 1136
3 3 1970 309
3 3 2077 1696
3 3 217 1058
3 3 290 418
3 3 337 1193
3 3 349 807
3 3 414 772
3 3 422 1305
3 3 428 1284
3 3 429 559
3 3 437 536
3 3 439 692
3 3 469 255
3 3 475 659
3 3 580 1909
3 3 833 937
3 3 909 1960
3 3 951 904
3 3 997 1209
3 4 1322 325
3 4 1455 1355
3 4 146 635
3 4 147 546
3 4 1473 626
3 4 2046 1096
3 4 2061 736
3 4 222 623
3 4 227 707
3 4 290 485
3 4 337 495
3 4 391 1722
3 4 535 1063
3 4 599 702
3 4 915 1934
4 1 1190 961
4 1 1237 122
4 1 1337 65
4 1 1395 427
4 1 1497 1445
4 1 1499 1505
4 1 1549 1363
4 1 1564 555
4 1 1622 881
4 1 1669 865
4 1 1673 1663
4 1 1682 1580
4 1 1689 51
4 1 171 1724
4 1 1760 827
4 1 1862 1240
4 1 1895 1800
4 1 1923 1354
4 1 193 1861
4 1 2038 869
4 1 229 1767
4 1 296 1342
4 1 327 930
4 1 353 1289
4 1 399 1412
4 1 425 1232
4 1 614 1230
4 1 740 953
4 1 807 199
4 1 946 1882
4 1 962 1872
4 2 1177 1496
4 2 1213 1373
4 2 1261 630
4 2 1265 1367
4 2 1271 1757
4 2 1316 685
4 2 1371 695
4 2 139 1332
4 2 1408 41
4 2 1418 1485
4 2 1446 141
4 2 1447 867
4 2 1485 632
4 2 1486 36
4 2 1488 465
4 2 1521 916
4 2 1532 1660
4 2 1537 1281
4 2 1559 65
4 2 1567 207
4 2 1569 167
4 2 163 837
4 2 1650 1407
4 2 1742 218
4 2 1751 962
4 2 1756 628
4 2 1759 615
4 2 1760 390
4 2 1791 753
4 2 1811 837
4 2 1832 59
4 2 1844 779
4 2 1855 490
4 2 1855 646
4 2 1933 721
4 2 1951 880
4 2 1954 638
4 2 1961 1010
4 2 1962 478
4 2 1973 1269
4 2 1987 750
4 2 2019 614
4 2 2030 878
4 2 2036 458
4 2 2037 420
4 2 2039 513
4 2 2070 701
4 2 260 356
4 2 292 464
4 2 355 1009
4 2 360 101
4 2 361 1284
4 2 371 401
4 2 420 1248
4 2 455 246
4 2 498 1243
4 2 521 792
4 2 589 1437
4 2 868 616
4 2 963 718
4 2 964 172
4 3 1025 359
4 3 104 1367
4 3 181 1170
4 3 187 865
4 3 213 94
4 3 314 1545
4 3 353 1531
4 3 386 1459
4 3 391 800
4 3 401 756
4 3 409 297
4 3 446 579
4 3 450 875
4 3 458 795
4 3 473 345
4 3 477 139
4 3 488 854
4 3 593 1375
4 3 615 1540
4 3 729 520
4 3 747 508
4 3 760 475
4 3 766 517
4 3 784 461
4 3 797 506
4 3 817 866
4 3 856 432
4 3 858 988
4 3 861 122
4 3 881 133
4 3 899 152
4 3 901 221
4 3 922 233
4 3 934 517
4 3 945 233
4 4 1189 1792
4 4 1252 656
4 4 1349 776
4 4 1350 1718
4 4 1379 621
4 4 142 634
4 4 1422 753
4 4 1556 561
4 4 1660 610
4 4 1676 732
4 4 1732 848
4 4 1869 627
4 4 1938 875
4 4 1966 1428
4 4 248 1672
4 4 291 384
4 4 296 130
4 4 599 1899
4 4 613 1132
4 4 621 1833
4 4 624 1888
4 4 718 886
4 4 742 963
4 4 913 1394
4 4 930 1756
